-9.78037e-05 -0.0102743 -0.00835381
0 0 0
0 0 0
0.0016815 0.00104498 0.00955635
0 0 0
0 0 0
0.0104807 0.0153637 -0.00934142
0 0 0
0 0 0
0.00268184 0.00663563 -0.00085569
0 0 0
0 0 0
0.000439397 0.0120955 -0.00798317
0 0 0
0 0 0
0.00757021 0.00274864 -0.00405105
0 0 0
0 0 0
-0.00374424 -0.00805664 0.00310999
0 0 0
0 0 0
0.00300064 0.00103427 -0.00607688
0 0 0
0 0 0
-0.00513748 0.00259173 0.0138984
0 0 0
0 0 0
0.00611206 0.00178956 0.00330758
0 0 0
0 0 0
0.00309779 -0.0123237 -0.00151633
0 0 0
0 0 0
0.0112893 -0.000925505 -0.00345641
0 0 0
0 0 0
-0.00823225 0.00481008 -0.00517028
0 0 0
0 0 0
0.0105862 -0.0173504 0.00505209
0 0 0
0 0 0
0.00507972 0.00427566 0.00207499
0 0 0
0 0 0
-0.0160562 -0.00375995 -0.000162321
0 0 0
0 0 0
-0.00232523 0.00223238 -0.00650886
0 0 0
0 0 0
0.00907927 0.00168353 -0.00335751
0 0 0
0 0 0
0.000391106 -0.00560563 0.0039132
0 0 0
0 0 0
-0.00129292 -0.0139697 -0.0130065
0 0 0
0 0 0
0.00253837 -0.0116289 -0.00520366
0 0 0
0 0 0
-0.00331825 -0.00396823 -0.00218062
0 0 0
0 0 0
0.0009465 -0.00202349 -0.00330577
0 0 0
0 0 0
-0.0110558 -0.000308164 -0.00228239
0 0 0
0 0 0
0.0124406 -0.00204707 -0.00693733
0 0 0
0 0 0
-0.00173319 -0.00331657 0.00166376
0 0 0
0 0 0
-0.00273922 0.00197408 -0.00392151
0 0 0
0 0 0
-0.00667702 0.00334124 -0.0126923
0 0 0
0 0 0
0.00498793 0.00726738 0.00236643
0 0 0
0 0 0
-0.0100955 -0.0112588 0.0042185
0 0 0
0 0 0
0.0026019 0.000417779 -0.00626278
0 0 0
0 0 0
0.00249888 -0.00228331 0.00721147
0 0 0
0 0 0
0.00445673 0.000574593 -0.00796422
0 0 0
0 0 0
-0.000312778 3.41629e-05 0.000317727
0 0 0
0 0 0
-0.00392655 0.00947377 -0.0015633
0 0 0
0 0 0
-0.00386247 -0.0115072 -0.00401078
0 0 0
0 0 0
-0.00888192 0.00884608 -0.000281786
0 0 0
0 0 0
0.00827756 0.00138916 0.000213653
0 0 0
0 0 0
-0.00314245 0.00726788 -0.000613722
0 0 0
0 0 0
0.00755656 0.00489949 -0.00309753
0 0 0
0 0 0
-0.00633686 0.0115392 0.000473853
0 0 0
0 0 0
0.00195559 0.00604159 -0.00785683
0 0 0
0 0 0
0.00611166 -0.00239653 0.00120471
0 0 0
0 0 0
-0.00724835 -0.00466115 -0.00739829
0 0 0
0 0 0
0.00293285 0.000757116 -0.00542986
0 0 0
0 0 0
-0.00321717 0.00587291 -0.00449816
0 0 0
0 0 0
0.00852951 -0.0073382 0.000909686
0 0 0
0 0 0
0.00462385 0.00435736 0.00220974
0 0 0
0 0 0
-0.000210808 -0.0099051 -0.00681186
0 0 0
0 0 0
0.00519537 0.00774189 0.00934357
0 0 0
0 0 0
-0.00791618 -0.00701282 -0.00573458
0 0 0
0 0 0
-0.00353672 0.00218662 0.00116191
0 0 0
0 0 0
-0.000824194 0.00763499 0.0101212
0 0 0
0 0 0
-0.00582191 0.00637928 0.00340626
0 0 0
0 0 0
0.00135849 0.000574534 0.00486814
0 0 0
0 0 0
0.00672225 0.00484596 0.00758249
0 0 0
0 0 0
0.000442829 0.00999001 -0.00079784
0 0 0
0 0 0
-0.00374611 -0.0162288 0.0117805
0 0 0
0 0 0
-0.00257662 0.00363066 -0.00124877
0 0 0
0 0 0
-0.000491337 -0.00467918 0.0066654
0 0 0
0 0 0
-0.00798403 0.00187673 -0.000592901
0 0 0
0 0 0
0.000873825 -0.00367945 -0.00136084
0 0 0
0 0 0
-0.0124228 -0.00596143 -0.0102283
0 0 0
0 0 0
-0.000180247 0.000531004 -0.00128713
0 0 0
0 0 0
-0.00415982 -0.0141561 0.00939265
0 0 0
0 0 0
-0.0100344 0.0038062 0.00366314
0 0 0
0 0 0
0.00392728 -0.00100683 0.00206949
0 0 0
0 0 0
0.0115188 0.00717167 -0.00074889
0 0 0
0 0 0
0.00628949 0.00640248 0.000293654
0 0 0
0 0 0
-0.00909805 -0.000491437 0.00161602
0 0 0
0 0 0
-0.00177572 0.00675042 0.00826887
0 0 0
0 0 0
-0.00197614 0.0110562 -0.00612657
0 0 0
0 0 0
0.00971752 -0.00739067 0.00357604
0 0 0
0 0 0
0.000195267 -0.00786269 0.00607746
0 0 0
0 0 0
-0.0103708 0.00245087 -0.00041738
0 0 0
0 0 0
0.00256772 0.00215356 -0.000762005
0 0 0
0 0 0
0.00379047 -0.000474574 -0.00298218
0 0 0
0 0 0
-0.000165421 -0.00055532 0.0148757
0 0 0
0 0 0
0.0111802 0.0136549 -0.0320468
0 0 0
0 0 0
0.0153225 -0.0103171 -0.00227375
0 0 0
0 0 0
-0.00212336 0.00274542 -0.00933705
0 0 0
0 0 0
0.00616534 0.0130132 5.47625e-05
0 0 0
0 0 0
-0.00929046 0.00852819 -0.00192719
0 0 0
0 0 0
-0.00241705 0.00226907 -0.00449038
0 0 0
0 0 0
-0.00920485 -0.00746917 0.000557805
0 0 0
0 0 0
-0.0058951 0.00506319 0.00270818
0 0 0
0 0 0
0.00583662 -0.0012291 0.00289874
0 0 0
0 0 0
0.0094816 0.0109469 0.00114495
0 0 0
0 0 0
-0.00838529 -0.00821476 -0.00669953
0 0 0
0 0 0
0.00484815 -0.00317928 0.00731462
0 0 0
0 0 0
0.00497919 0.00490789 -0.00180653
0 0 0
0 0 0
0.00854981 0.010314 -0.00320549
0 0 0
0 0 0
-0.00415836 -0.00892292 -0.00167608
0 0 0
0 0 0
-0.00813587 0.0118199 0.00557071
0 0 0
0 0 0
-0.00374275 0.000783917 0.0064928
0 0 0
0 0 0
0.00324764 0.00810909 0.00293951
0 0 0
0 0 0
-0.00546086 -0.00241054 0.0110425
0 0 0
0 0 0
-0.0138394 0.00240158 0.00286925
0 0 0
0 0 0
0.00511851 -0.000957279 -0.00176611
0 0 0
0 0 0
0.0115771 -0.00931405 0.00416637
0 0 0
0 0 0
-0.00225243 0.00246387 -0.00268514
0 0 0
0 0 0
0.00691816 -0.00831442 -0.00121352
0 0 0
0 0 0
-0.0063306 -7.31156e-05 0.00572808
0 0 0
0 0 0
0.00167653 0.000132109 0.00343913
0 0 0
0 0 0
-0.0070473 -1.97325e-05 -0.00325234
0 0 0
0 0 0
-0.00632247 0.00179402 -0.000831321
0 0 0
0 0 0
0.0011576 0.00842738 0.0113516
0 0 0
0 0 0
-0.00183084 -0.00155541 0.00883301
0 0 0
0 0 0
0.00855752 0.00973545 -0.00203578
0 0 0
0 0 0
0.00460251 -0.00150441 0.00506528
0 0 0
0 0 0
0.00819739 -0.00207966 -0.0023709
0 0 0
0 0 0
0.000726014 0.00133864 -0.00837828
0 0 0
0 0 0
0.00369728 0.000264355 0.00346401
0 0 0
0 0 0
-0.00573303 -3.45729e-05 -0.00555133
0 0 0
0 0 0
-0.00605226 -0.00217764 -0.000867023
0 0 0
0 0 0
0.00851709 0.00977362 0.00438207
0 0 0
0 0 0
-0.00262633 0.00541108 -0.000277135
0 0 0
0 0 0
-0.00421868 -0.00682932 -0.00906488
0 0 0
0 0 0
-0.00142311 -0.0044121 -0.00267245
0 0 0
0 0 0
0.000599986 -0.00220729 0.00549257
0 0 0
0 0 0
0.00717203 -0.00041221 0.000839776
0 0 0
0 0 0
0.00742294 0.00505202 -0.0103032
0 0 0
0 0 0
-0.0111505 0.00713828 0.00812535
0 0 0
0 0 0
-0.00696046 0.00317351 0.0191618
0 0 0
0 0 0
-0.00271005 -0.00500413 -0.00472108
0 0 0
0 0 0
0.00053514 0.00124973 0.00329028
0 0 0
0 0 0
0.00563814 0.00313616 -0.00026369
0 0 0
0 0 0
0.00595883 -0.00569338 -0.00611885
0 0 0
0 0 0
0.00934765 -0.00487378 -0.00983422
0 0 0
0 0 0
0.00666574 0.000534592 0.00150635
0 0 0
0 0 0
-0.00220394 4.45494e-05 0.00307866
0 0 0
0 0 0
-0.00300268 -0.00505015 -0.00646803
0 0 0
0 0 0
-0.00426093 0.00399821 0.00430969
0 0 0
0 0 0
1.48552e-05 -0.00805093 0.00708488
0 0 0
0 0 0
0.00200509 -0.00705536 0.00506572
0 0 0
0 0 0
-0.00122102 0.00183551 0.00300795
0 0 0
0 0 0
0.00216416 -0.000855585 0.00626019
0 0 0
0 0 0
-0.00305724 -0.00194739 -0.00753175
0 0 0
0 0 0
0.00749589 -0.00599059 -0.00142094
0 0 0
0 0 0
-0.0120168 -0.000174821 0.0115427
0 0 0
0 0 0
-0.00466727 0.00351428 0.000158967
0 0 0
0 0 0
0.00485732 0.00239818 0.00676465
0 0 0
0 0 0
-0.00503949 0.006335 -0.00551739
0 0 0
0 0 0
0.00171117 -0.00296434 -0.00286245
0 0 0
0 0 0
0.0122505 0.00883528 0.000622401
0 0 0
0 0 0
-0.00164902 0.0044269 -0.000943952
0 0 0
0 0 0
-0.00284898 -0.0144255 0.00235835
0 0 0
0 0 0
-0.0165456 0.00239321 0.00289284
0 0 0
0 0 0
-0.00349088 0.018868 0.00731126
0 0 0
0 0 0
0.0026674 0.00167464 0.00127276
0 0 0
0 0 0
0.000301781 -0.00243539 0.00916902
0 0 0
0 0 0
0.00395351 0.0048905 0.00153711
0 0 0
0 0 0
0.0173634 -0.0051964 -0.00931404
0 0 0
0 0 0
-0.000329681 0.00648045 -0.0215546
0 0 0
0 0 0
-0.00381817 -0.00415355 -0.00564167
0 0 0
0 0 0
-0.00607825 0.0247509 -0.00142847
0 0 0
0 0 0
0.0127189 0.00414365 -0.00481488
0 0 0
0 0 0
0.0091679 -0.000535909 0.0127363
0 0 0
0 0 0
-0.00545698 0.00499536 0.00473193
0 0 0
0 0 0
0.01518 0.0142544 0.0123285
0 0 0
0 0 0
-0.000168485 -0.00438238 0.00517892
0 0 0
0 0 0
0.0123714 0.0058073 -0.00344789
0 0 0
0 0 0
-0.00534167 0.00642355 -0.00244599
0 0 0
0 0 0
-5.04759e-05 -0.00515571 0.00720749
0 0 0
0 0 0
-0.00191556 -0.000748099 0.00149025
0 0 0
0 0 0
0.00661331 0.000687613 -0.010089
0 0 0
0 0 0
-1.26257e-05 -0.00515542 0.00494464
0 0 0
0 0 0
0.00789357 -0.00877575 0.0132735
0 0 0
0 0 0
-0.00507882 0.00816196 0.00899426
0 0 0
0 0 0
-0.00772275 -0.0129865 -0.00602754
0 0 0
0 0 0
-0.000565926 0.00545582 -5.91464e-05
0 0 0
0 0 0
0.00109049 0.000202086 -0.00667453
0 0 0
0 0 0
-0.0109158 -0.0123817 0.0094091
0 0 0
0 0 0
0.00406096 0.00660004 -0.00386767
0 0 0
0 0 0
0.00138359 0.00457259 0.00378496
0 0 0
0 0 0
-0.00281692 0.00027646 -5.7857e-05
0 0 0
0 0 0
0.00209406 0.00231404 0.0101979
0 0 0
0 0 0
0.00367972 0.000890963 0.00273223
0 0 0
0 0 0
-0.0111618 -0.00342381 -0.0123016
0 0 0
0 0 0
-0.00486201 0.00574302 -0.0151186
0 0 0
0 0 0
0.00497567 -0.000638303 -0.00333819
0 0 0
0 0 0
-0.00292046 0.00976949 -0.00699919
0 0 0
0 0 0
-0.00674894 0.00165761 0.0147542
0 0 0
0 0 0
-0.00782643 -0.0077367 -0.00260987
0 0 0
0 0 0
-0.00358134 -0.00303959 0.00114245
0 0 0
0 0 0
0.000642828 -0.000335948 -0.000605209
0 0 0
0 0 0
0.000740505 -0.00511259 -0.00503279
0 0 0
0 0 0
-0.0054111 0.00134348 0.000486883
0 0 0
0 0 0
-0.00516649 0.00567091 0.00305135
0 0 0
0 0 0
0.000676043 0.00485579 0.000172391
0 0 0
0 0 0
-0.00582053 -0.00402091 0.00033397
0 0 0
0 0 0
0.00448973 0.00281377 -0.000227784
0 0 0
0 0 0
0.00336178 0.00764535 -0.003802
0 0 0
0 0 0
-0.00186275 0.00400589 0.00343895
0 0 0
0 0 0
-0.00556406 -0.00528317 -0.00993338
0 0 0
0 0 0
0.00199889 0.00195948 0.00458751
0 0 0
0 0 0
-0.00353912 0.00494606 0.00680142
0 0 0
0 0 0
0.00122442 0.0020615 0.00264405
0 0 0
0 0 0
0.00721288 -0.00291954 0.00214669
0 0 0
0 0 0
0.000453011 -0.00715159 0.00695737
0 0 0
0 0 0
-0.00772907 -0.00301497 -0.0167101
0 0 0
0 0 0
0.00840813 0.00133569 0.00613421
0 0 0
0 0 0
0.00380602 0.0068309 0.00171629
0 0 0
0 0 0
-0.000842832 0.00536671 -0.00349201
0 0 0
0 0 0
-0.00930383 -0.000269109 0.00486243
0 0 0
0 0 0
-0.00586819 0.00280701 -0.00832121
0 0 0
0 0 0
0.00453673 -0.00212405 -0.00713174
0 0 0
0 0 0
0.00378363 -0.00642744 -0.0019263
0 0 0
0 0 0
-0.0017643 -0.000354975 0.00164927
0 0 0
0 0 0
-0.00384344 -0.0118822 -0.00289207
0 0 0
0 0 0
0.00653117 0.00974485 0.000399904
0 0 0
0 0 0
0.00616974 -0.00482934 -0.0105603
0 0 0
0 0 0
0.00487945 0.00496005 0.00550319
0 0 0
0 0 0
-0.001882 0.00272243 -0.00392331
0 0 0
0 0 0
-0.000258219 -0.00482456 -0.00125412
0 0 0
0 0 0
0.0116988 0.00129067 -0.00170155
0 0 0
0 0 0
0.0134901 -0.00518862 -0.000939032
0 0 0
0 0 0
-0.00691896 0.0112497 -0.00346503
0 0 0
0 0 0
-0.00223103 0.00535906 -4.1665e-05
0 0 0
0 0 0
-2.84113e-05 -0.00198621 0.00316068
0 0 0
0 0 0
0.00370225 0.0021758 -0.00100787
0 0 0
0 0 0
0.000723029 -0.00813053 -0.0028756
0 0 0
0 0 0
-0.00868476 0.00874568 -0.000411086
0 0 0
0 0 0
0.00474037 0.0105608 0.008347
0 0 0
0 0 0
0.00105959 -0.000831815 -0.00437098
0 0 0
0 0 0
-0.0180633 0.000180752 0.00379154
0 0 0
0 0 0
0.00180955 -0.00641551 -0.00596799
0 0 0
0 0 0
0.00783451 0.00619785 -0.00527733
0 0 0
0 0 0
0.00328143 0.00140044 0.0101086
0 0 0
0 0 0
-0.00395973 0.000926564 -0.00639365
0 0 0
0 0 0
0.0116767 0.00177171 0.00991388
0 0 0
0 0 0
0.00125404 0.00278407 -0.00472855
0 0 0
0 0 0
-0.00125579 0.000624749 0.0060266
0 0 0
0 0 0
0.00024747 -0.000230718 0.00470209
0 0 0
0 0 0
-0.0153942 0.00410741 -0.00831551
0 0 0
0 0 0
0.0131303 0.00158128 0.00383424
0 0 0
0 0 0
-0.00726297 -0.0099383 0.00170768
0 0 0
0 0 0
0.0173814 0.00807743 0.00770488
0 0 0
0 0 0
-0.00765138 -0.000946928 -0.0102351
0 0 0
0 0 0
-0.00219384 0.00179744 -0.00375232
0 0 0
0 0 0
-0.00690129 0.0079468 0.00535078
0 0 0
0 0 0
0.00017198 -0.00910768 0.00467808
0 0 0
0 0 0
-0.00634841 -0.00477623 -0.00380467
0 0 0
0 0 0
0.00133153 -0.0059827 -0.00504477
0 0 0
0 0 0
-0.00430244 0.0129161 0.00239997
0 0 0
0 0 0
-0.00653367 0.00107805 -0.0130591
0 0 0
0 0 0
-0.00474991 -0.0090749 -0.0041393
0 0 0
0 0 0
-0.00241338 -0.00945678 0.00421321
0 0 0
0 0 0
-0.00949361 -0.00939561 4.8179e-05
0 0 0
0 0 0
0.00626106 0.00213605 -0.00219957
0 0 0
0 0 0
-0.00376815 0.0090755 0.00511605
0 0 0
0 0 0
-0.00447132 -0.000220265 -0.00298141
0 0 0
0 0 0
0.000745011 0.00206621 0.00441078
0 0 0
0 0 0
0.0102733 -0.00412785 0.00410222
0 0 0
0 0 0
0.00360848 -0.00402273 -0.000746735
0 0 0
0 0 0
0.00746014 0.00899694 -0.0134584
0 0 0
0 0 0
0.00539365 -0.00126786 -0.00533281
0 0 0
0 0 0
0.000201233 -0.00723488 0.00651435
0 0 0
0 0 0
-0.00173645 0.0153581 0.00261489
0 0 0
0 0 0
-0.00599782 -0.00428004 -0.000143669
0 0 0
0 0 0
-0.00385636 0.0049054 0.00167299
0 0 0
0 0 0
-0.000259804 -0.00526562 -0.00875804
0 0 0
0 0 0
-0.0043669 0.00533465 0.00619663
0 0 0
0 0 0
-1.55116e-05 -0.00285167 0.00319511
0 0 0
0 0 0
-0.00521923 0.00560276 0.00942748
0 0 0
0 0 0
0.0108202 0.000175836 -0.000185343
0 0 0
0 0 0
-0.00212986 -0.00169513 0.00530598
0 0 0
0 0 0
0.000363441 -0.0060767 -0.005465
0 0 0
0 0 0
0.0101713 0.00244951 -0.00713465
0 0 0
0 0 0
-0.00838637 0.0039302 -0.00185564
0 0 0
0 0 0
0.00141554 -0.00437349 0.00569813
0 0 0
0 0 0
-0.0039811 -0.00280294 0.00262114
0 0 0
0 0 0
-0.00400322 0.00542208 0.00508549
0 0 0
0 0 0
0.0100751 -0.00585201 -0.00463947
0 0 0
0 0 0
-0.00199921 -0.0060068 -0.00381233
0 0 0
0 0 0
-0.0110949 -0.00229428 -0.00284215
0 0 0
0 0 0
0.00213449 0.00121657 0.00413121
0 0 0
0 0 0
0.00383646 0.00514739 -0.0042205
0 0 0
0 0 0
-0.0138627 0.00386019 -0.00174507
0 0 0
0 0 0
0.000985244 -0.00173199 -0.0027879
0 0 0
0 0 0
-0.00414753 0.00159845 0.0140703
0 0 0
0 0 0
0.00521038 0.00703491 0.00261242
0 0 0
0 0 0
0.00171624 0.00334721 -0.00399361
0 0 0
0 0 0
-0.00341361 0.00249506 -0.00875424
0 0 0
0 0 0
-0.00151917 -0.0129792 -0.000948598
0 0 0
0 0 0
-0.000554986 0.00239804 0.00680182
0 0 0
0 0 0
0.0113353 -0.0015979 -0.004464
0 0 0
0 0 0
-0.00748076 -0.00433667 -0.00525681
0 0 0
0 0 0
0.00349191 0.00795602 -0.000800224
0 0 0
0 0 0
-0.00531439 0.00216725 0.00226485
0 0 0
0 0 0
0.0136866 0.00306299 -0.00109613
0 0 0
0 0 0
0.00598406 -0.00392106 0.0170531
0 0 0
0 0 0
0.00403592 -0.00368901 0.00320945
0 0 0
0 0 0
0.0036205 -0.00556539 -0.00198205
0 0 0
0 0 0
-0.000840349 0.00848007 -0.0040412
0 0 0
0 0 0
-0.00480765 0.00815207 -0.00245005
0 0 0
0 0 0
-0.000278064 -0.00232045 0.00779664
0 0 0
0 0 0
-0.00176203 -0.00320255 0.00373226
0 0 0
0 0 0
0.00444392 -0.00370352 0.00473972
0 0 0
0 0 0
0.000131495 0.0020028 -0.00140803
0 0 0
0 0 0
-0.00755526 0.000769954 0.00504113
0 0 0
0 0 0
-0.0122574 0.0074683 0.00139079
0 0 0
0 0 0
0.00523569 0.00256379 0.011097
0 0 0
0 0 0
-0.000944271 0.00510882 -0.00305778
0 0 0
0 0 0
0.00380519 0.000803686 0.0139614
0 0 0
0 0 0
0.00473881 0.00692148 -0.00141251
0 0 0
0 0 0
0.00197562 0.00833919 -0.000823374
0 0 0
0 0 0
-0.00923064 -0.00456113 -0.00523267
0 0 0
0 0 0
0.007301 0.00165144 -0.00250631
0 0 0
0 0 0
-0.00477963 0.0067898 -0.00160161
0 0 0
0 0 0
-0.012516 -0.0052418 0.00839902
0 0 0
0 0 0
0.00444699 -0.0102143 -0.00771269
0 0 0
0 0 0
0.00409276 0.00234007 0.000916312
0 0 0
0 0 0
0.00526719 -0.0185264 0.00325041
0 0 0
0 0 0
0.00880466 0.00115263 -0.00446445
0 0 0
0 0 0
-0.00670686 -0.00806671 0.00145852
0 0 0
0 0 0
-0.00474324 -0.00648036 -0.00467019
0 0 0
0 0 0
-0.00273532 -0.00396023 0.0137113
0 0 0
0 0 0
0.0106414 0.00195623 -0.00958807
0 0 0
0 0 0
-0.00208171 0.00647457 0.0136989
0 0 0
0 0 0
-0.00277054 0.00697185 -0.000786607
0 0 0
0 0 0
0.00443445 -7.24378e-05 0.012928
0 0 0
0 0 0
-0.00665372 0.00161258 -0.00438756
0 0 0
0 0 0
0.00491655 0.000643814 -0.00301866
0 0 0
0 0 0
0.00497501 0.00911598 -0.00288485
0 0 0
0 0 0
0.0137355 -0.000897699 0.00214739
0 0 0
0 0 0
-0.00992127 -0.0115933 0.00142412
0 0 0
0 0 0
0.010838 0.00745001 0.00533567
0 0 0
0 0 0
0.00487711 -0.00411243 0.00792683
0 0 0
0 0 0
-0.00617018 0.00341602 0.00568542
0 0 0
0 0 0
-0.00648836 0.00118417 0.000778898
0 0 0
0 0 0
0.0116769 -0.00494425 -0.0060414
0 0 0
0 0 0
-0.00154938 -0.00822016 -0.0050833
0 0 0
0 0 0
-0.00104108 0.00444053 -0.00407523
0 0 0
0 0 0
-0.00423669 -0.00203121 0.00542422
0 0 0
0 0 0
-0.00225517 0.00356842 -0.00501592
0 0 0
0 0 0
0.00742022 -0.00558255 0.00207504
0 0 0
0 0 0
0.00255928 -0.00463011 0.00157302
0 0 0
0 0 0
-0.003772 -0.0144524 0.00145796
0 0 0
0 0 0
0.00647517 -0.0100065 0.00908599
0 0 0
0 0 0
-0.00513477 0.0070015 -0.00977665
0 0 0
0 0 0
0.00615323 0.00135278 -0.000273292
0 0 0
0 0 0
3.05568e-05 -0.00373847 -0.00697973
0 0 0
0 0 0
-0.006153 0.00864248 0.00112156
0 0 0
0 0 0
-0.00568615 -0.00401322 -0.0124605
0 0 0
0 0 0
-0.00137967 0.0132382 -0.00871058
0 0 0
0 0 0
0.00749187 0.00809359 0.0027655
0 0 0
0 0 0
0.00344337 -0.000858053 -0.00261067
0 0 0
0 0 0
0.00408897 -0.000775449 -0.00265952
0 0 0
0 0 0
-0.00655454 -4.75993e-05 -0.00105503
0 0 0
0 0 0
0.00816401 0.0113557 0.00755355
0 0 0
0 0 0
0.00593666 0.00975993 0.00388305
0 0 0
0 0 0
0.00275357 0.00385358 -0.00277543
0 0 0
0 0 0
4.33332e-05 -0.00510193 0.008179
0 0 0
0 0 0
-0.00872919 0.000734027 -0.00378913
0 0 0
0 0 0
0.00617901 0.00769192 0.00419363
0 0 0
0 0 0
-0.00109342 0.00751958 -0.00120446
0 0 0
0 0 0
-0.00048848 -0.00316227 -0.00100535
0 0 0
0 0 0
0.0071404 0.00331869 0.00237351
0 0 0
0 0 0
-0.00528961 -0.00181138 0.00689482
0 0 0
0 0 0
-0.00155324 0.00337207 -0.00375005
0 0 0
0 0 0
-0.00495499 -0.000730756 -0.00124974
0 0 0
0 0 0
0.00398968 0.0038799 0.0151003
0 0 0
0 0 0
-0.00112601 -0.01042 -0.00604923
0 0 0
0 0 0
0.00749994 0.016104 0.00779907
0 0 0
0 0 0
-0.000534727 0.0124048 -0.00376745
0 0 0
0 0 0
-0.00622813 0.00463624 0.00581452
0 0 0
0 0 0
-0.00890926 -0.00442707 0.000775332
0 0 0
0 0 0
-0.0026075 0.00403578 -0.00156429
0 0 0
0 0 0
-0.00890408 0.00562807 -0.00448763
0 0 0
0 0 0
0.00216716 -0.000597816 -3.25555e-05
0 0 0
0 0 0
0.0106718 -0.00254772 0.00601397
0 0 0
0 0 0
-0.00210315 0.010036 -0.00683073
0 0 0
0 0 0
-0.00412363 -0.00501735 2.39248e-05
0 0 0
0 0 0
0.00380111 0.00617459 -0.00894091
0 0 0
0 0 0
2.74765e-05 0.00231631 0.00269336
0 0 0
0 0 0
0.00811216 0.00334474 -0.00424563
0 0 0
0 0 0
0.00523019 0.00516382 0.00493048
0 0 0
0 0 0
-0.00872068 -0.00338244 -0.00143776
0 0 0
0 0 0
-0.00513753 0.000501527 0.00871178
0 0 0
0 0 0
0.00268232 0.00785662 -0.0110786
0 0 0
0 0 0
-0.00708066 -0.00182925 0.00255259
0 0 0
0 0 0
0.00574471 -0.00937093 0.00195592
0 0 0
0 0 0
-0.0207558 0.00424519 -0.00411212
0 0 0
0 0 0
-0.00269112 -5.50584e-05 0.0090933
0 0 0
0 0 0
0.00649523 -0.00522534 0.0119984
0 0 0
0 0 0
0.00184653 -0.00156135 0.00531749
0 0 0
0 0 0
0.00455145 0.00165888 0.00475326
0 0 0
0 0 0
0.00134256 -0.00393319 0.00145788
0 0 0
0 0 0
-0.00820249 -0.00236175 0.00256002
0 0 0
0 0 0
-0.00193078 -0.00184435 0.005038
0 0 0
0 0 0
-0.0090793 0.0147179 0.00467211
0 0 0
0 0 0
-0.0116564 0.00360824 -0.00770429
0 0 0
0 0 0
0.00311589 0.00840098 0.0109078
0 0 0
0 0 0
0.00716835 -0.00385999 -0.00127767
0 0 0
0 0 0
0.00258053 -0.00080086 -0.00473543
0 0 0
0 0 0
-0.00123194 0.00359063 -0.00066747
0 0 0
0 0 0
-0.00951223 0.00627194 -0.0150627
0 0 0
0 0 0
0.00486615 -0.00159079 -0.00148924
0 0 0
0 0 0
0.00314454 -0.00596072 0.00406933
0 0 0
0 0 0
0.00486675 0.00491107 -0.00886611
0 0 0
0 0 0
0.000734497 0.000297587 -0.00596506
0 0 0
0 0 0
-0.00161904 -0.00142299 0.00634615
0 0 0
0 0 0
0.00675008 -0.0109899 0.000388379
0 0 0
0 0 0
0.00144554 0.00213518 0.00559968
0 0 0
0 0 0
-0.000720239 0.0134748 -0.00869992
0 0 0
0 0 0
0.00717222 0.00113444 0.0055613
0 0 0
0 0 0
0.00781443 0.000444542 0.0030511
0 0 0
0 0 0
0.00221679 -0.000130216 -0.00548201
0 0 0
0 0 0
0.00171526 0.00734596 0.00203386
0 0 0
0 0 0
-0.0039064 -0.0104554 0.000399374
0 0 0
0 0 0
0.00584727 0.00144045 0.000274483
0 0 0
0 0 0
0.00516783 0.00426457 -0.0143043
0 0 0
0 0 0
-0.00474601 -0.00235291 0.000397881
0 0 0
0 0 0
0.00755857 0.00188103 0.00320434
0 0 0
0 0 0
-0.00426726 -0.00109589 0.0165226
0 0 0
0 0 0
0.00713365 -4.55887e-05 0.00195486
0 0 0
0 0 0
0.00158311 -0.00927924 -0.00230793
0 0 0
0 0 0
0.00620242 0.011783 -0.00438166
0 0 0
0 0 0
-0.00539693 -0.00421021 -0.00527274
0 0 0
0 0 0
0.000164041 0.00265239 0.00169114
0 0 0
0 0 0
0.0119003 -0.000456783 -0.00861385
0 0 0
0 0 0
0.00273708 -0.00317232 0.000571188
0 0 0
0 0 0
-0.00277059 0.00613508 0.00955964
0 0 0
0 0 0
6.20349e-05 0.000759368 -0.0112123
0 0 0
0 0 0
0.00179608 -0.00155297 0.00512596
0 0 0
0 0 0
0.000420892 0.0150032 -0.00647116
0 0 0
0 0 0
0.00518406 -0.000423618 0.00292132
0 0 0
0 0 0
-0.00573205 0.00112254 -0.000273207
0 0 0
0 0 0
-3.81649e-05 0.00337933 -0.004071
0 0 0
0 0 0
-0.000274954 0.00571913 -0.00981177
0 0 0
0 0 0
-0.00359237 0.000524398 -0.000719584
0 0 0
0 0 0
-0.00982088 0.00729321 -0.00721955
0 0 0
0 0 0
-0.0113816 0.000116968 0.0111103
0 0 0
0 0 0
0.00536528 -0.00558504 0.0092849
0 0 0
0 0 0
0.00240374 0.000793927 -0.000829274
0 0 0
0 0 0
0.0003959 0.0161029 -0.0123399
0 0 0
0 0 0
0.00659893 -0.00457911 0.00316985
0 0 0
0 0 0
-0.00396848 -0.00862119 -0.00176495
0 0 0
0 0 0
-0.00423259 0.00311431 0.00191266
0 0 0
0 0 0
-6.71786e-05 0.00323088 -0.00127701
0 0 0
0 0 0
-0.00126559 0.000966813 -0.00750536
0 0 0
0 0 0
-0.000425813 -0.00600583 -0.00668664
0 0 0
0 0 0
0.000993072 -3.30014e-05 -0.00281287
0 0 0
0 0 0
-0.00388765 0.00208246 -0.00637908
0 0 0
0 0 0
-0.0102478 0.00383845 -0.00605035
0 0 0
0 0 0
-0.00145633 -0.00272743 -0.00330614
0 0 0
0 0 0
0.0038254 0.00343765 -0.00924427
0 0 0
0 0 0
0.0029194 -0.00173355 0.0082147
0 0 0
0 0 0
0.00389164 -0.00281645 0.00401902
0 0 0
0 0 0
0.00132406 0.00645971 -0.00193459
0 0 0
0 0 0
-0.00443555 -0.00367306 0.00211401
0 0 0
0 0 0
0.00361644 -0.00554034 -0.000556487
0 0 0
0 0 0
-0.00816652 -0.00301106 0.00159141
0 0 0
0 0 0
0.000922533 0.00551613 -0.0034803
0 0 0
0 0 0
-0.00448133 -0.00768579 -0.00542865
0 0 0
0 0 0
-0.00897442 -0.00813054 0.00343739
0 0 0
0 0 0
0.0112315 -0.00526866 -0.00205654
0 0 0
0 0 0
0.00598647 -0.00469249 0.0135034
0 0 0
0 0 0
0.00238385 0.00263148 0.00488815
0 0 0
0 0 0
0.000201851 -0.00658192 -0.00837458
0 0 0
0 0 0
-0.0129833 0.00404143 -0.0103602
0 0 0
0 0 0
-0.00353081 0.00654926 -0.000838028
0 0 0
0 0 0
-0.00206083 0.00264097 -0.00883039
0 0 0
0 0 0
-0.0199792 0.00615182 -0.00858546
0 0 0
0 0 0
0.0131274 0.00202401 -0.000880445
0 0 0
0 0 0
-0.00237159 -0.00948707 0.00149959
0 0 0
0 0 0
0.00241635 0.00267771 -0.000176131
0 0 0
0 0 0
0.00466032 0.00565396 -0.00435013
0 0 0
0 0 0
0.000495749 0.00112638 0.00391566
0 0 0
0 0 0
0.00235042 0.00579774 0.00742377
0 0 0
0 0 0
0.00335742 0.00318086 8.41622e-05
0 0 0
0 0 0
-0.00426161 0.00155765 -0.00239891
0 0 0
0 0 0
-0.00645769 -0.00152078 -0.00508459
0 0 0
0 0 0
0.00171664 0.00734575 0.00876927
0 0 0
0 0 0
-0.00683414 -0.012482 0.00482593
0 0 0
0 0 0
-0.0087467 0.00263012 -0.00581131
0 0 0
0 0 0
-0.00326845 -0.00187102 0.00124958
0 0 0
0 0 0
-0.00513068 -0.000512351 0.000603066
0 0 0
0 0 0
-0.00508731 -0.0020882 -0.00178493
0 0 0
0 0 0
-0.00647826 -0.00178114 -0.0034949
0 0 0
0 0 0
0.00400768 0.00141598 -0.00496786
0 0 0
0 0 0
-0.00716939 0.00236964 -0.00102244
0 0 0
0 0 0
-0.000564689 0.000163341 0.00357506
0 0 0
0 0 0
-0.0111344 -0.00589656 0.00855062
0 0 0
0 0 0
0.0103814 0.000813909 -0.013441
0 0 0
0 0 0
0.0012136 0.0121394 0.00982309
0 0 0
0 0 0
-0.00287196 0.00225899 -0.00108555
0 0 0
0 0 0
-0.00196389 0.00432086 0.00501563
0 0 0
0 0 0
-0.00299923 -0.00102258 -0.00351208
0 0 0
0 0 0
0.00140759 -0.00436262 0.00199213
0 0 0
0 0 0
-0.00274136 -0.00299786 -0.000191826
0 0 0
0 0 0
0.00477441 -0.0100246 0.00471075
0 0 0
0 0 0
0.00389904 0.00182929 -0.00386228
0 0 0
0 0 0
0.000922772 -0.00512827 0.004667
0 0 0
0 0 0
-0.00445715 0.00794886 -0.00728157
0 0 0
0 0 0
0.00881122 -0.0161461 -0.00140791
0 0 0
0 0 0
-0.00815015 0.00822859 -0.0128629
0 0 0
0 0 0
-6.82674e-06 -0.00306171 0.00621439
0 0 0
0 0 0
0.00369373 -0.0010271 0.00799434
0 0 0
0 0 0
0.0132349 -0.000776803 -0.00606303
0 0 0
0 0 0
0.000634928 -0.000281338 -0.012283
0 0 0
0 0 0
-0.00644853 0.00306387 -0.010262
0 0 0
0 0 0
-0.00212269 0.0036937 0.00533351
0 0 0
0 0 0
0.00762542 -0.0021037 -0.00886201
0 0 0
0 0 0
-0.0063626 -0.00563334 -0.0159235
0 0 0
0 0 0
-0.00671488 0.00303675 0.0056239
0 0 0
0 0 0
0.00750959 7.6692e-05 -0.00090799
0 0 0
0 0 0
-0.0104471 0.00626451 -0.00326013
0 0 0
0 0 0
-0.00836174 -0.001506 0.0021701
0 0 0
0 0 0
-0.00440654 -0.00706568 -0.00848981
0 0 0
0 0 0
-0.0100327 0.00672638 0.000298856
0 0 0
0 0 0
0.009307 -0.00452801 -0.00688817
0 0 0
0 0 0
0.00039989 0.00138093 -0.0193926
0 0 0
0 0 0
0.0065403 -0.000380169 0.00320791
0 0 0
0 0 0
-0.00315648 0.0072228 -0.0003275
0 0 0
0 0 0
-0.0117857 -0.00589439 0.00195353
0 0 0
0 0 0
0.00580987 -0.00343652 0.000966513
0 0 0
0 0 0
-0.00448846 0.00277202 0.00742759
0 0 0
0 0 0
-0.0114456 -0.00549094 -0.00280814
0 0 0
0 0 0
-0.00327284 -0.00379359 0.0230008
0 0 0
0 0 0
0.00614033 0.0127026 -0.00418378
0 0 0
0 0 0
0.00554789 0.00184763 0.00266543
0 0 0
0 0 0
0.00096221 0.00180696 0.00193641
0 0 0
0 0 0
0.0140344 -0.00313163 0.000820456
0 0 0
0 0 0
0.000117658 -0.0121214 -0.0054652
0 0 0
0 0 0
-0.00183439 -0.00668513 0.00617271
0 0 0
0 0 0
-0.00175261 0.0049828 -0.00995336
0 0 0
0 0 0
-0.0056706 -0.00145515 -0.00606375
0 0 0
0 0 0
0.00234411 -0.0118614 -0.00432863
0 0 0
0 0 0
0.00998704 -0.00989919 0.00802651
0 0 0
0 0 0
0.00486571 -0.0127314 0.0025783
0 0 0
0 0 0
-0.00474719 0.00615223 0.00521325
0 0 0
0 0 0
-0.00652802 0.0058852 0.00376914
0 0 0
0 0 0
0.0091372 0.00450637 -0.00687716
0 0 0
0 0 0
0.0041062 -0.00828464 0.00900524
0 0 0
0 0 0
-0.00607062 -0.000622962 0.00315057
0 0 0
0 0 0
0.00845301 -0.0065166 0.0018492
0 0 0
0 0 0
0.0047877 0.00854886 0.00139394
0 0 0
0 0 0
-0.0158224 -0.00143655 -0.00611237
0 0 0
0 0 0
0.0043129 -0.00301445 0.00440395
0 0 0
0 0 0
-0.00806805 0.00203253 0.00719313
0 0 0
0 0 0
-0.00524786 -0.0130403 0.00655455
0 0 0
0 0 0
-0.000175413 -0.00964908 0.00232741
0 0 0
0 0 0
0.00368534 0.00590777 0.00288669
0 0 0
0 0 0
0.00443607 -0.013501 0.00850765
0 0 0
0 0 0
-0.00993035 0.00983662 0.00363892
0 0 0
0 0 0
-0.00996917 -0.00152383 -0.00135017
0 0 0
0 0 0
0.00526837 0.00607015 -0.0013118
0 0 0
0 0 0
0.00609916 -0.0082983 -0.000264844
0 0 0
0 0 0
-0.00387733 0.00590646 0.00393398
0 0 0
0 0 0
-0.00846331 0.00206114 0.00653824
0 0 0
0 0 0
0.00113531 -0.00612903 -0.00840422
0 0 0
0 0 0
-0.00672038 -0.00109449 -0.000930985
0 0 0
0 0 0
-0.000268656 0.00556976 0.0101456
0 0 0
0 0 0
-0.00513066 -0.000557194 0.00731675
0 0 0
0 0 0
-0.00906247 0.0105676 -0.00155757
0 0 0
0 0 0
0.00179599 -0.0147625 0.00343308
0 0 0
0 0 0
-0.0120912 -0.00666447 -0.0157528
0 0 0
0 0 0
0.00373289 -0.00131986 0.00374035
0 0 0
0 0 0
-0.00406617 -0.00176933 -0.00446159
0 0 0
0 0 0
0.00102568 -0.00358104 0.0010095
0 0 0
0 0 0
0.00415779 -0.00189882 0.00129712
0 0 0
0 0 0
0.00426023 0.00663336 0.00123081
0 0 0
0 0 0
-0.00660598 -0.00805062 0.00335618
0 0 0
0 0 0
9.70251e-05 0.00534526 0.0105646
0 0 0
0 0 0
-0.00764076 7.84859e-05 0.000601265
0 0 0
0 0 0
-0.00578001 0.00734675 -0.0111852
0 0 0
0 0 0
-0.0137841 0.0086404 0.0041699
0 0 0
0 0 0
-0.000640876 0.00462616 -0.00215098
0 0 0
0 0 0
-0.00431746 -0.00526841 -0.00733081
0 0 0
0 0 0
0.00568041 -0.00135586 -0.00337801
0 0 0
0 0 0
-0.00466626 -0.00185631 -0.000236038
0 0 0
0 0 0
0.000291314 -0.0096219 -0.00859722
0 0 0
0 0 0
-0.00680453 0.000138534 -0.00281652
0 0 0
0 0 0
0.00259367 -0.00481295 -0.00671646
0 0 0
0 0 0
0.00967184 -0.00861731 -0.00200471
0 0 0
0 0 0
-0.00249749 -0.000653724 0.0102747
0 0 0
0 0 0
-0.00141921 -0.00746222 -0.000300505
0 0 0
0 0 0
0.014133 -0.00140395 0.00618404
0 0 0
0 0 0
-0.00627151 -0.000221657 0.00293184
0 0 0
0 0 0
0.00283671 0.00444701 0.0118262
0 0 0
0 0 0
-0.00194982 0.00503133 -0.00311647
0 0 0
0 0 0
0.00683718 -0.0020753 -0.00837432
0 0 0
0 0 0
-0.0039261 -0.00339169 -0.00228657
0 0 0
0 0 0
0.00891401 -0.0122539 0.00349816
0 0 0
0 0 0
-0.00657787 0.011347 -0.00660283
0 0 0
0 0 0
-0.00360846 -0.00227785 0.00821676
0 0 0
0 0 0
0.000577046 0.00478593 0.00807533
0 0 0
0 0 0
0.000932683 -0.00611472 0.00246673
0 0 0
0 0 0
0.000135176 -0.0050431 -0.00584669
0 0 0
0 0 0
0.00353952 0.0116529 0.00986702
0 0 0
0 0 0
-0.00202005 -0.00421147 0.00344777
0 0 0
0 0 0
-0.00844195 -0.0027405 0.00230446
0 0 0
0 0 0
0.0108843 0.00743999 0.00408008
0 0 0
0 0 0
-0.00648177 0.00332184 -0.013516
0 0 0
0 0 0
0.0020348 -0.0019706 0.00143609
0 0 0
0 0 0
-0.00894585 -0.00826925 -0.00178079
0 0 0
0 0 0
0.00553935 -0.00267986 -0.00253104
0 0 0
0 0 0
-0.00305134 0.00583623 -0.00739897
0 0 0
0 0 0
-0.00394194 -1.32329e-05 -0.00999173
0 0 0
0 0 0
0.00893717 0.00478107 0.00887741
0 0 0
0 0 0
-0.00696607 0.0129804 0.00478155
0 0 0
0 0 0
0.0125157 0.00775603 -0.00541937
0 0 0
0 0 0
0.00614587 0.000334967 -0.00582479
0 0 0
0 0 0
0.00444609 -0.00452177 -0.0024907
0 0 0
0 0 0
0.00568596 0.00355087 0.00307766
0 0 0
0 0 0
-0.000212521 -0.000481007 -0.0120924
0 0 0
0 0 0
-0.00856549 0.016597 -0.0106743
0 0 0
0 0 0
-0.00512974 -0.000323899 -0.00282713
0 0 0
0 0 0
-0.00806675 0.00163984 0.00195218
0 0 0
0 0 0
-0.00391853 0.00907969 0.0101102
0 0 0
0 0 0
-0.0117093 0.00218797 -0.00634259
0 0 0
0 0 0
-0.00666481 -0.0023475 -0.00114939
0 0 0
0 0 0
-0.000952004 -0.0081216 -0.00373511
0 0 0
0 0 0
0.00418 0.00620319 0.00874108
0 0 0
0 0 0
-7.3767e-05 -0.0119971 -0.00115849
0 0 0
0 0 0
-0.000935112 0.0157036 0.0039211
0 0 0
0 0 0
0.00816722 0.000493054 0.000442144
0 0 0
0 0 0
-0.005006 -0.00687349 0.00381331
0 0 0
0 0 0
0.000310294 -0.00275964 0.00844087
0 0 0
0 0 0
-0.00473476 0.00293338 0.000272867
0 0 0
0 0 0
0.00329065 0.00126441 -0.0105791
0 0 0
0 0 0
-0.00923369 -0.000577163 0.0135639
0 0 0
0 0 0
0.00360204 -0.00329445 0.00371009
0 0 0
0 0 0
0.00146911 -0.0030003 -0.000371737
0 0 0
0 0 0
-0.00593852 0.00952163 -0.00246423
0 0 0
0 0 0
-0.00163578 -0.00898604 -0.00119719
0 0 0
0 0 0
-0.00508426 -0.00863963 -0.0139428
0 0 0
0 0 0
0.0044922 0.00527153 0.00707722
0 0 0
0 0 0
0.00728348 0.00751253 -0.0099345
0 0 0
0 0 0
8.86933e-05 0.0100147 0.00144436
0 0 0
0 0 0
-0.00548055 0.00521455 -0.00424488
0 0 0
0 0 0
-0.00677277 0.00641124 0.00166722
0 0 0
0 0 0
-0.00591776 -0.00591525 -0.00190804
0 0 0
0 0 0
-0.010253 -0.00353694 0.0116582
0 0 0
0 0 0
-0.00499866 0.000927067 -0.0141683
0 0 0
0 0 0
-0.00109298 0.0137397 0.000236658
0 0 0
0 0 0
0.00156093 -0.0074586 -0.00435637
0 0 0
0 0 0
0.00327797 0.00453993 0.00278183
0 0 0
0 0 0
0.00847486 0.000165894 0.00423954
0 0 0
0 0 0
-0.00545126 -0.00682817 -0.00616332
0 0 0
0 0 0
-0.0052267 0.00262957 -0.00801376
0 0 0
0 0 0
0.00153231 0.0077808 -0.000502868
0 0 0
0 0 0
0.013594 -0.00233411 0.00275977
0 0 0
0 0 0
-0.00144232 -0.00147976 0.00287727
0 0 0
0 0 0
0.00292824 0.00278037 0.0104937
0 0 0
0 0 0
-0.00122869 -0.00234407 0.000856831
0 0 0
0 0 0
-0.00244242 -0.00868411 0.00718042
0 0 0
0 0 0
-0.00457629 -0.0017378 0.01069
0 0 0
0 0 0
-0.00628042 0.00138652 -0.00337252
0 0 0
0 0 0
0.00218209 0.00152358 0.00909022
0 0 0
0 0 0
0.00454225 -0.00382933 0.008091
0 0 0
0 0 0
-0.00472447 0.00667049 -0.0103612
0 0 0
0 0 0
-0.0049081 -5.49436e-05 0.00439868
0 0 0
0 0 0
-0.00954798 -0.000201512 0.0065845
0 0 0
0 0 0
-0.00324526 0.000595447 -0.00381746
0 0 0
0 0 0
-0.00763434 -0.00090205 -0.00194541
0 0 0
0 0 0
0.00198814 0.00578744 -0.000779862
0 0 0
0 0 0
-0.000688198 0.0114949 0.00414261
0 0 0
0 0 0
-0.00108493 -0.00313957 -0.00620111
0 0 0
0 0 0
0.00245007 -0.00596181 -0.00800479
0 0 0
0 0 0
-0.00721706 0.00712942 -0.00672955
0 0 0
0 0 0
-0.000701501 0.00887472 0.00321059
0 0 0
0 0 0
-0.0032013 -0.00177762 -0.0021149
0 0 0
0 0 0
-0.000538408 0.00312436 -0.00860098
0 0 0
0 0 0
0.0103738 -0.00722214 0.00250009
0 0 0
0 0 0
0.013557 0.00157096 0.00472307
0 0 0
0 0 0
-0.00963088 -0.00358138 -0.000814807
0 0 0
0 0 0
0.0068548 -0.0082624 -0.00229619
0 0 0
0 0 0
0.00126239 0.00171394 -0.00198714
0 0 0
0 0 0
-0.0122449 -0.00594919 -0.0113161
0 0 0
0 0 0
0.0069462 -0.000991259 0.00430971
0 0 0
0 0 0
0.00169472 -0.00382775 0.00688429
0 0 0
0 0 0
-0.00374482 0.0041494 -0.00349341
0 0 0
0 0 0
0.00264077 0.0153205 0.00356993
0 0 0
0 0 0
-0.0106711 0.00333664 0.00207975
0 0 0
0 0 0
0.00625512 -0.00722697 0.00975507
0 0 0
0 0 0
0.00179893 -0.00375372 0.0045664
0 0 0
0 0 0
0.00585751 -0.00985737 -0.00727691
0 0 0
0 0 0
0.00721199 0.00517744 0.00515994
0 0 0
0 0 0
0.00205052 -0.000386251 -0.00486549
0 0 0
0 0 0
0.00105364 0.0160452 -0.0113438
0 0 0
0 0 0
-0.00785129 -0.00560388 0.00536809
0 0 0
0 0 0
-0.00642731 0.00201075 0.00106536
0 0 0
0 0 0
-0.00355987 -0.00454537 -0.00620665
0 0 0
0 0 0
-0.00272062 0.00612653 -0.00733389
0 0 0
0 0 0
0.000837009 0.00405052 0.00204501
0 0 0
0 0 0
-0.00418927 0.00105216 0.0122133
0 0 0
0 0 0
0.000370949 -0.00971165 -0.00541682
0 0 0
0 0 0
0.00161635 -0.00208605 0.00673349
0 0 0
0 0 0
-0.00633673 -0.00565576 0.00532704
0 0 0
0 0 0
-0.00299303 -0.00601764 0.00182298
0 0 0
0 0 0
-0.00267721 -0.00125627 0.000978926
0 0 0
0 0 0
0.00413449 0.0102757 0.0098778
0 0 0
0 0 0
-0.00425208 0.00382595 -0.00677453
0 0 0
0 0 0
0.00368786 0.00387968 -0.000680429
0 0 0
0 0 0
-0.000685776 -0.0101526 -0.00606549
0 0 0
0 0 0
-0.00527371 0.00606997 -0.00407649
0 0 0
0 0 0
-0.00258942 0.00450496 -0.00198127
0 0 0
0 0 0
0.00653295 0.00131165 -0.00270486
0 0 0
0 0 0
0.00493812 0.00132769 0.000128465
0 0 0
0 0 0
0.00075122 -0.00602458 -0.00201613
0 0 0
0 0 0
-0.00189207 -0.00687412 0.00115203
0 0 0
0 0 0
-0.00651757 0.00568151 -0.0165829
0 0 0
0 0 0
-0.00961899 0.0117321 -0.0069444
0 0 0
0 0 0
-0.00758893 -0.00520547 -0.0091916
0 0 0
0 0 0
0.00906655 -0.00257775 -0.00258799
0 0 0
0 0 0
0.0016406 0.00645168 0.00414394
0 0 0
0 0 0
0.00725697 -0.00285952 0.00654003
0 0 0
0 0 0
-0.00124541 -0.0105508 -0.000232969
0 0 0
0 0 0
-0.0113455 0.00627594 -0.00212383
0 0 0
0 0 0
-0.00913005 0.000598554 0.00108706
0 0 0
0 0 0
0.00247467 0.00681867 -0.0201172
0 0 0
0 0 0
0.00445474 0.000621027 0.00108281
0 0 0
0 0 0
0.00444071 0.00681441 0.00261679
0 0 0
0 0 0
0.0104057 -0.00192148 -0.0061863
0 0 0
0 0 0
-0.0100562 -0.0174935 -0.00504894
0 0 0
0 0 0
-0.000868037 0.0109987 0.00378853
0 0 0
0 0 0
-0.00153837 -0.00645715 0.00337686
0 0 0
0 0 0
0.000652098 -0.00717923 -0.000676504
0 0 0
0 0 0
0.000768651 0.00294557 0.0124985
0 0 0
0 0 0
0.00208068 -0.000570303 0.00543658
0 0 0
0 0 0
0.0047356 -1.66905e-05 0.00314702
0 0 0
0 0 0
-0.0142203 -0.00441478 0.00502748
0 0 0
0 0 0
0.00088405 -0.00368142 -0.0116246
0 0 0
0 0 0
-0.0030213 0.00258623 -0.00522554
0 0 0
0 0 0
0.00104885 -0.0044973 0.000401285
0 0 0
0 0 0
0.00403851 0.00431153 -0.00274422
0 0 0
0 0 0
0.00668549 -0.00486322 -0.000175412
0 0 0
0 0 0
-0.00856369 -0.0082385 -0.00214151
0 0 0
0 0 0
0.00205549 1.6055e-05 0.000233047
0 0 0
0 0 0
0.000879169 -0.00332036 0.00987067
0 0 0
0 0 0
0.00650941 -0.0113659 0.00203311
0 0 0
0 0 0
0.00993201 0.00348225 -0.00291356
0 0 0
0 0 0
0.00635113 -0.00217627 0.0135891
0 0 0
0 0 0
-0.00970261 0.00374055 0.000610234
0 0 0
0 0 0
-0.00896266 0.00239459 -0.00431661
0 0 0
0 0 0
0.00518756 0.00775965 -0.00282974
0 0 0
0 0 0
0.00559174 0.00554503 -0.00120576
0 0 0
0 0 0
0.00849337 0.0080557 0.00380591
0 0 0
0 0 0
0.000540323 -0.00643334 -0.0105604
0 0 0
0 0 0
-0.00156245 -0.00758462 0.0125086
0 0 0
0 0 0
-0.00794204 -0.00250733 -0.00542299
0 0 0
0 0 0
-0.00355442 -0.00290071 0.00246224
0 0 0
0 0 0
0.00155884 0.0142457 0.00301892
0 0 0
0 0 0
-0.00353128 -0.0034646 -0.0076479
0 0 0
0 0 0
0.00685036 0.0069627 -0.000990677
0 0 0
0 0 0
0.00496553 0.00213154 0.00553894
0 0 0
0 0 0
0.0040824 -0.00511406 -0.00680455
0 0 0
0 0 0
0.00133804 0.00170121 0.00385896
0 0 0
0 0 0
-0.00530041 0.00241698 0.00141916
0 0 0
0 0 0
-0.00402113 -5.69676e-05 -0.013654
0 0 0
0 0 0
0.00518423 -0.000940459 -0.00482009
0 0 0
0 0 0
-0.000447888 0.0113943 0.00594572
0 0 0
0 0 0
0.0103079 -0.00855626 0.00113081
0 0 0
0 0 0
-0.00154618 -0.0033909 0.00952552
0 0 0
0 0 0
0.00294382 0.0113649 0.00235659
0 0 0
0 0 0
0.011293 0.0023728 -0.00162058
0 0 0
0 0 0
0.00667087 0.00673575 0.00830204
0 0 0
0 0 0
-0.00457327 0.00738199 -0.00752211
0 0 0
0 0 0
0.00240177 0.00386395 -0.00885774
0 0 0
0 0 0
0.00179201 -0.0039175 0.011268
0 0 0
0 0 0
-0.00550549 -0.00299643 -0.0141434
0 0 0
0 0 0
0.0110754 -0.0107651 -0.00455432
0 0 0
0 0 0
-0.0012042 0.0109416 0.0073278
0 0 0
0 0 0
-0.00462405 0.00272162 -0.00563186
0 0 0
0 0 0
-0.00446361 0.00305647 -0.00557687
0 0 0
0 0 0
-0.00479249 -0.0023906 -0.00537644
0 0 0
0 0 0
0.000218472 -7.79049e-05 0.00022778
0 0 0
0 0 0
0.00126681 0.0043772 0.00223408
0 0 0
0 0 0
0.00266291 0.0121499 0.00253468
0 0 0
0 0 0
0.00377818 -0.00403103 -0.00662095
0 0 0
0 0 0
0.00405306 -0.010958 0.000944912
0 0 0
0 0 0
0.00623464 0.0055801 0.00221952
0 0 0
0 0 0
0.00134412 -0.00560573 -0.012621
0 0 0
0 0 0
-0.00265205 0.000862359 -0.00481339
0 0 0
0 0 0
-0.00283012 -0.00196254 0.000205237
0 0 0
0 0 0
0.0022089 -0.0122849 0.00789778
0 0 0
0 0 0
-0.00402984 -0.00335158 0.00521635
0 0 0
0 0 0
0.0031057 0.00584977 -0.00154202
0 0 0
0 0 0
-0.00725435 0.00117917 0.00998382
0 0 0
0 0 0
-0.00247647 0.0105986 -0.00100717
0 0 0
0 0 0
0.00435314 -0.00189825 -0.00404794
0 0 0
0 0 0
-0.00423777 -0.00447855 0.00218047
0 0 0
0 0 0
-0.00463711 -0.0064934 0.00910422
0 0 0
0 0 0
-0.00489351 0.00603709 -0.00850901
0 0 0
0 0 0
0.00913155 -0.00641446 -0.00127634
0 0 0
0 0 0
-0.0116451 -0.00531628 1.97697e-05
0 0 0
0 0 0
0.00114345 0.00287383 0.000625807
0 0 0
0 0 0
-0.00984348 0.00225724 0.00653502
0 0 0
0 0 0
0.0104313 0.000975994 0.00900033
0 0 0
0 0 0
0.00412859 -0.00696284 -0.00344809
0 0 0
0 0 0
0.00959936 -2.24428e-05 -0.00563236
0 0 0
0 0 0
-0.00542279 0.00593008 -0.00736143
0 0 0
0 0 0
-0.00701754 0.00746588 -0.00270905
0 0 0
0 0 0
0.00366143 0.0146677 -0.00151267
0 0 0
0 0 0
-0.00199028 0.000338197 -0.0089612
0 0 0
0 0 0
0.00734889 0.0127305 0.00299241
0 0 0
0 0 0
-0.00370063 -0.00702647 0.00105398
0 0 0
0 0 0
-0.0064799 0.00426535 -0.00660373
0 0 0
0 0 0
0.00861007 0.00490722 0.00809692
0 0 0
0 0 0
-0.00848755 -0.00619738 8.01654e-05
0 0 0
0 0 0
-0.00122198 0.00320425 0.00112039
0 0 0
0 0 0
0.000434575 -0.0117803 0.000588467
0 0 0
0 0 0
-0.00429954 -0.00424946 0.00588094
0 0 0
0 0 0
-0.00461824 -0.00575993 0.00395219
0 0 0
0 0 0
0.00156002 -0.00364309 0.00287154
0 0 0
0 0 0
-0.0135449 0.00692636 -9.61048e-05
0 0 0
0 0 0
0.00301329 -0.00522957 4.33841e-05
0 0 0
0 0 0
-0.00904321 -0.000580172 0.0102671
0 0 0
0 0 0
0.00608885 -0.00260786 -0.00779211
0 0 0
0 0 0
-0.0109682 -0.00622208 0.00550355
0 0 0
0 0 0
-0.00584322 -0.00192433 0.00412798
0 0 0
0 0 0
0.00193331 -0.00661704 -0.00897714
0 0 0
0 0 0
-0.00626029 -0.000182871 0.00196085
0 0 0
0 0 0
-0.0111207 0.00524003 -0.00665566
0 0 0
0 0 0
-0.00203529 -0.00437267 -0.0111891
0 0 0
0 0 0
-0.0125389 -0.00695139 -0.0177612
0 0 0
0 0 0
0.0004607 0.000634291 -0.00501973
0 0 0
0 0 0
0.0125397 -0.00189651 0.0100675
0 0 0
0 0 0
0.00744698 0.000593423 0.00318608
0 0 0
0 0 0
0.00596042 0.00660071 -0.000200972
0 0 0
0 0 0
-0.000684264 -0.00357128 0.00573146
0 0 0
0 0 0
-0.00714149 -0.00380266 -0.0105187
0 0 0
0 0 0
-0.00324607 -3.62298e-05 -0.0119682
0 0 0
0 0 0
-0.000248704 0.00558754 -0.00294958
0 0 0
0 0 0
-0.00101406 -0.00137475 -0.00399083
0 0 0
0 0 0
0.00235001 -0.00549346 0.00546981
0 0 0
0 0 0
0.00333524 0.00497436 0.00746926
0 0 0
0 0 0
-0.00289261 -0.0117721 0.00207717
0 0 0
0 0 0
-0.000553619 -0.00352906 0.00206203
0 0 0
0 0 0
0.0033346 -0.0108761 0.00297936
0 0 0
0 0 0
0.00129912 0.00127006 -0.00603469
0 0 0
0 0 0
-0.003248 0.00948256 0.0102724
0 0 0
0 0 0
0.00504204 0.000582048 0.00231035
0 0 0
0 0 0
-3.21583e-05 0.00332244 -0.00738979
0 0 0
0 0 0
0.00404996 0.00528683 0.00549738
0 0 0
0 0 0
0.00557042 0.00010409 0.00102332
0 0 0
0 0 0
-0.000978292 -0.00942745 -0.0102206
0 0 0
0 0 0
-0.00247267 0.00139915 -0.00120953
0 0 0
0 0 0
0.00750863 -0.00548896 -0.0052133
0 0 0
0 0 0
-0.00950094 -0.00880348 -0.0122136
0 0 0
0 0 0
0.0127548 0.00111406 0.00105907
0 0 0
0 0 0
0.00065762 -0.00351666 0.00697727
0 0 0
0 0 0
0.00126355 -0.0073842 0.00410429
0 0 0
0 0 0
0.0109397 -0.000316843 0.00137756
0 0 0
0 0 0
-0.00307203 0.00134143 0.00646261
0 0 0
0 0 0
-0.00574242 -0.00884047 4.17237e-05
0 0 0
0 0 0
-0.00982327 0.000547087 0.00466283
0 0 0
0 0 0
0.00752131 -0.00193961 0.00157548
0 0 0
0 0 0
4.92052e-05 -0.00519096 -0.000872564
0 0 0
0 0 0
0.00351649 -0.000915721 0.000970035
0 0 0
0 0 0
-0.00372029 -8.73932e-05 -0.0251831
0 0 0
0 0 0
-0.00400627 0.00625105 0.00251951
0 0 0
0 0 0
-0.000110909 0.00508744 0.00839358
0 0 0
0 0 0
0.00611326 -0.00306524 -0.00142923
0 0 0
0 0 0
0.00782981 -0.00340906 -0.00406922
0 0 0
0 0 0
-0.000190903 -0.00154263 0.00536751
0 0 0
0 0 0
-9.94415e-05 0.00185335 0.0155899
0 0 0
0 0 0
0.00893775 -0.0111177 0.00320353
0 0 0
0 0 0
0.00184548 0.00450993 0.00755911
0 0 0
0 0 0
-0.00626532 0.0015126 -0.0110263
0 0 0
0 0 0
-0.00035839 -0.0115278 0.00671803
0 0 0
0 0 0
0.00852357 0.00775893 0.010656
0 0 0
0 0 0
-0.000584206 0.000401975 -0.00237751
0 0 0
0 0 0
-0.00940081 0.00181776 -0.00437106
0 0 0
0 0 0
-0.00440958 -0.0045427 -0.00257425
0 0 0
0 0 0
0.00571874 -0.00294865 0.000157917
0 0 0
0 0 0
-0.00579852 0.0107731 -0.0143884
0 0 0
0 0 0
0.00233874 -0.00914445 -0.00207198
0 0 0
0 0 0
-0.0033589 0.000132715 0.000128613
0 0 0
0 0 0
0.000811778 0.00193113 0.00242102
0 0 0
0 0 0
-0.0104932 0.0121363 0.0043542
0 0 0
0 0 0
0.00363498 -0.000453257 -0.00337384
0 0 0
0 0 0
0.000497956 -0.00385239 0.00251496
0 0 0
0 0 0
-0.0101862 0.00296493 0.00487328
0 0 0
0 0 0
-0.00505561 -0.00775103 -0.00768213
0 0 0
0 0 0
0.00885604 0.00566288 -0.00328645
0 0 0
0 0 0
0.0062952 0.00830102 0.00216781
0 0 0
0 0 0
0.00579276 -0.017033 -0.00568634
0 0 0
0 0 0
-0.00612657 0.00302543 -0.00770251
0 0 0
0 0 0
0.00724789 -0.00588417 0.00484509
0 0 0
0 0 0
0.0109628 0.00160406 -6.15701e-05
0 0 0
0 0 0
-0.0123403 0.00423709 0.0112484
0 0 0
0 0 0
-0.0130442 -0.0040637 0.00195937
0 0 0
0 0 0
-0.00541778 -0.00486646 -0.00326898
0 0 0
0 0 0
0.00679057 -0.0118113 -0.00518252
0 0 0
0 0 0
0.00691046 -0.00670298 0.00687358
0 0 0
0 0 0
0.012726 0.00195975 0.00763887
0 0 0
0 0 0
-0.000351368 0.000794639 -0.000284427
0 0 0
0 0 0
0.00474338 -0.0021102 -0.00328862
0 0 0
0 0 0
0.00992445 0.00399988 -0.0100021
0 0 0
0 0 0
0.00158099 -0.00380202 0.00174893
0 0 0
0 0 0
-0.00917731 0.00298031 -0.000751761
0 0 0
0 0 0
-0.00622 -0.00997059 -0.0030176
0 0 0
0 0 0
0.00353776 -0.00753062 0.00108322
0 0 0
0 0 0
-0.00213755 -0.00172107 0.00208727
0 0 0
0 0 0
-0.00536599 0.00249697 0.00304377
0 0 0
0 0 0
-0.0105118 0.00646966 -0.00959603
0 0 0
0 0 0
0.0093702 -0.00629446 -0.00262255
0 0 0
0 0 0
-0.000617183 0.00415869 -0.0036036
0 0 0
0 0 0
-0.00223882 0.00326023 -0.00867628
0 0 0
0 0 0
-0.00954368 0.00272875 0.00128662
0 0 0
0 0 0
-0.00305069 -0.0092019 -0.00149377
0 0 0
0 0 0
-0.00625916 -0.000305357 0.00722146
0 0 0
0 0 0
-0.000873512 -0.00531736 -0.00484429
0 0 0
0 0 0
-0.00855271 0.00148357 -0.00456348
0 0 0
0 0 0
0.00114646 -0.00586984 -0.00397302
0 0 0
0 0 0
-0.00250203 -0.0131919 -0.00736948
0 0 0
0 0 0
-0.0110194 0.00211562 0.00727081
0 0 0
0 0 0
0.00369183 0.00723357 -0.0017431
0 0 0
0 0 0
0.000749892 0.0050456 0.00258543
0 0 0
0 0 0
-0.0112303 0.00520155 0.00358491
0 0 0
0 0 0
0.00349427 0.00795006 -0.00104609
0 0 0
0 0 0
-0.00359159 -0.000510004 -0.00498805
0 0 0
0 0 0
0.00578254 -0.00257889 -0.014409
0 0 0
0 0 0
-0.00148936 -0.0171766 0.00489431
0 0 0
0 0 0
0.0019544 -0.00401692 0.00123856
0 0 0
0 0 0
-0.00792634 0.00296971 0.00345211
0 0 0
0 0 0
-0.00900034 0.00162356 -0.00402187
0 0 0
0 0 0
-0.00700408 0.00223818 0.000530966
0 0 0
0 0 0
0.00751505 0.000119458 -0.00816129
0 0 0
0 0 0
-0.0095314 -0.00361229 0.00538326
0 0 0
0 0 0
0.00527518 -0.00670344 0.0123899
0 0 0
0 0 0
-0.00414731 0.00463389 0.00481318
0 0 0
0 0 0
0.00472485 -0.00412876 0.00242349
0 0 0
0 0 0
0.00296657 -0.00213154 0.00303298
0 0 0
0 0 0
0.00570969 -0.00609129 0.00413249
0 0 0
0 0 0
0.00554785 -0.013248 0.00513741
0 0 0
0 0 0
-0.00488045 0.0166785 0.0029506
0 0 0
0 0 0
0.00596813 -0.00338202 -0.00889505
0 0 0
0 0 0
-0.00881893 0.0234853 -0.00535284
0 0 0
0 0 0
0.0024038 0.00235989 -0.00685012
0 0 0
0 0 0
-0.00727718 0.00232433 -2.60207e-06
0 0 0
0 0 0
0.0084121 -0.00505206 0.0114788
0 0 0
0 0 0
-0.00408904 0.00101735 0.0021195
0 0 0
0 0 0
-0.00492968 -0.00517093 -0.0034694
0 0 0
0 0 0
0.00301953 -0.00856948 -0.0132677
0 0 0
0 0 0
-0.00860963 -0.00217475 0.00292601
0 0 0
0 0 0
0.0118756 -0.00375922 0.005592
0 0 0
0 0 0
0.00793046 -0.00574258 -0.00316797
0 0 0
0 0 0
-0.0123175 -0.0049586 0.00328871
0 0 0
0 0 0
0.00589391 -0.00322245 -0.00328059
0 0 0
0 0 0
0.00248801 0.0140689 0.00646859
0 0 0
0 0 0
0.00244885 0.00148219 0.00724338
0 0 0
0 0 0
-0.00644078 0.0069158 -0.00199153
0 0 0
0 0 0
-0.00398382 -0.00100592 -0.0019101
0 0 0
0 0 0
-0.000372825 0.00539226 -0.0030465
0 0 0
0 0 0
-0.00615474 0.00218696 -0.00520429
0 0 0
0 0 0
-0.00496496 0.00461637 0.00695779
0 0 0
0 0 0
-0.00446577 0.00867272 0.00969173
0 0 0
0 0 0
0.0031874 0.00615275 0.000261091
0 0 0
0 0 0
-0.0124846 0.00719755 0.00172262
0 0 0
0 0 0
0.00257773 0.00186176 0.010667
0 0 0
0 0 0
0.00358038 -0.00473701 -0.00720138
0 0 0
0 0 0
-0.0149694 -0.00185727 -0.00021333
0 0 0
0 0 0
0.0116844 -0.00221036 -0.0105606
0 0 0
0 0 0
-0.00495932 -0.00154283 0.00216972
0 0 0
0 0 0
-0.0023859 0.00727233 0.000235702
0 0 0
0 0 0
-0.00249437 -0.00441815 -0.00785604
0 0 0
0 0 0
-0.00214143 0.00261316 0.005559
0 0 0
0 0 0
-0.00894323 0.000187232 -0.00144013
0 0 0
0 0 0
0.00220571 0.00042063 0.00377518
0 0 0
0 0 0
0.000226757 -0.00167648 0.002453
0 0 0
0 0 0
0.00376075 0.00355444 -0.00431163
0 0 0
0 0 0
-0.000292835 -0.00119434 -0.00421732
0 0 0
0 0 0
0.00607477 0.00739131 0.00211148
0 0 0
0 0 0
-0.00285813 -0.00306359 0.00456848
0 0 0
0 0 0
0.00457272 -0.00281938 0.00479818
0 0 0
0 0 0
0.00525762 -0.00558723 -0.000263422
0 0 0
0 0 0
0.00389116 -0.00061085 -0.00276716
0 0 0
0 0 0
-0.000212171 0.00988596 0.0175778
0 0 0
0 0 0
-0.00442928 0.00553819 0.00148617
0 0 0
0 0 0
-0.000714365 0.00504897 0.00576845
0 0 0
0 0 0
-6.04871e-05 -0.00401287 -0.00390048
0 0 0
0 0 0
-0.000119989 -0.00251285 -0.00211363
0 0 0
0 0 0
0.00391689 -0.00839261 0.00620425
0 0 0
0 0 0
0.00326177 -0.00306444 -0.00790892
0 0 0
0 0 0
-0.0107716 0.00878749 0.012136
0 0 0
0 0 0
-0.000174977 0.00726454 -0.00845691
0 0 0
0 0 0
0.0116929 -0.00381197 -0.00468123
0 0 0
0 0 0
0.00240735 -0.0022603 0.00534874
0 0 0
0 0 0
-0.00828426 0.0003366 0.000778236
0 0 0
0 0 0
-0.00643031 0.00514468 0.00716998
0 0 0
0 0 0
-0.00257209 0.00243096 -0.00225184
0 0 0
0 0 0
0.0031409 0.00401869 -0.01195
0 0 0
0 0 0
0.00165168 -0.00240414 -0.00373725
0 0 0
0 0 0
-0.00407697 0.00332421 -0.000754158
0 0 0
0 0 0
0.00199188 0.00663597 0.00688589
0 0 0
0 0 0
0.00133673 0.00971044 0.0102803
0 0 0
0 0 0
0.000938547 0.0160236 -0.00305169
0 0 0
0 0 0
0.00747672 -0.0137858 -0.0151276
0 0 0
0 0 0
0.00633957 -0.00224037 0.00392073
0 0 0
0 0 0
0.00309508 0.00174343 -0.00101037
0 0 0
0 0 0
0.00264439 -0.00576956 -0.00187585
0 0 0
0 0 0
0.000205381 -0.00875209 -0.00415406
0 0 0
0 0 0
-0.00277195 -0.00183453 -0.00107621
0 0 0
0 0 0
-0.00120731 -0.00337214 0.0065902
0 0 0
0 0 0
-0.0060859 0.0042336 0.0139527
0 0 0
0 0 0
-0.00509155 0.00983039 0.00234542
0 0 0
0 0 0
-0.00737223 0.00103777 -0.00631613
0 0 0
0 0 0
-0.00367747 -0.00449546 0.00223596
0 0 0
0 0 0
-0.00701202 0.0065699 0.00406277
0 0 0
0 0 0
7.08958e-05 0.00213618 0.00202368
0 0 0
0 0 0
0.00605811 -0.00302957 -0.00282395
0 0 0
0 0 0
0.000540788 0.00650348 0.00448111
0 0 0
0 0 0
0.00838991 0.00442437 -0.00348422
0 0 0
0 0 0
0.000188726 0.00879206 0.00882294
0 0 0
0 0 0
0.00152177 0.00773133 0.00158863
0 0 0
0 0 0
0.0109321 0.000773107 0.00115965
0 0 0
0 0 0
0.00170535 -0.00666294 -0.000112783
0 0 0
0 0 0
-0.000355585 0.00518209 0.00322796
0 0 0
0 0 0
-0.00471169 -0.0013209 0.00756496
0 0 0
0 0 0
-0.00276636 -0.0086318 -0.00649012
0 0 0
0 0 0
-0.00540162 0.0025303 -0.00997197
0 0 0
0 0 0
0.00455967 0.000484408 -0.0125834
0 0 0
0 0 0
0.00393133 -0.00620661 -0.00901512
0 0 0
0 0 0
0.00485128 -0.00020091 -0.00435046
0 0 0
0 0 0
0.0013977 -0.00814448 -0.00348025
0 0 0
0 0 0
-0.00160682 -0.00519595 0.00168266
0 0 0
0 0 0
0.000349327 -0.00199939 0.00643739
0 0 0
0 0 0
-0.000660999 -0.00343742 0.00659076
0 0 0
0 0 0
-0.00754331 0.0143451 -0.0101802
0 0 0
0 0 0
