2.0000 0.0000
2.1000 0.0000
2.2000 0.0000
2.3000 0.0000
2.4000 0.0000
2.5000 0.0000
2.6000 0.0000
2.7000 0.0000
2.8000 0.0000
2.9000 0.0000
3.0000 0.0000
3.1000 0.0211
3.2000 0.0374
3.3000 0.0782
3.4000 0.1759
3.5000 0.2900
3.6000 0.4094
3.7000 0.5452
3.8000 0.6430
3.9000 0.7190
4.0000 0.7516
4.1000 0.7680
4.2000 0.7789
4.3000 0.7709
4.4000 0.7601
4.5000 0.7520
4.6000 0.7439
4.7000 0.7440
4.8000 0.7549
4.9000 0.7848
5.0000 0.8229
5.1000 0.8799
5.2000 0.9478
5.3000 1.0510
5.4000 1.1325
5.5000 1.2520
5.6000 1.3606
5.7000 1.4774
5.8000 1.5643
5.9000 1.6322
6.0000 1.6431
6.1000 1.6350
6.2000 1.6052
6.3000 1.5537
6.4000 1.4724
6.5000 1.3884
6.6000 1.2826
6.7000 1.1605
6.8000 1.0602
6.9000 0.9870
7.0000 0.9165
7.1000 0.8732
7.2000 0.8542
7.3000 0.8407
7.4000 0.8408
7.5000 0.8544
7.6000 0.8708
7.7000 0.8844
7.8000 0.9171
7.9000 0.9307
8.0000 0.9389
8.1000 0.9389
8.2000 0.9309
8.3000 0.9228
8.4000 0.9120
8.5000 0.9066
8.6000 0.8986
8.7000 0.8987
8.8000 0.9014
8.9000 0.9096
9.0000 0.9151
9.1000 0.9233
9.2000 0.9342
9.3000 0.9642
9.4000 0.9751
9.5000 0.9942
9.6000 1.0106
9.7000 1.0104
9.8000 1.0134
9.9000 1.0216
10.0000 1.0244
10.1000 1.0298
10.2000 1.0326
10.3000 1.0327
10.4000 1.0328
10.5000 1.0326
10.6000 1.0302
10.7000 1.0303
10.8000 1.0303
10.9000 1.0331
11.0000 1.0332
11.1000 1.0359
11.2000 1.0387
11.3000 1.0415
11.4000 1.0444
11.5000 1.0471
11.6000 1.0472
11.7000 1.0463
11.8000 1.0474
11.9000 1.0420
12.0000 1.0393
12.1000 1.0362
12.2000 1.0340
12.3000 1.0313
12.4000 1.0260
12.5000 1.0206
12.6000 1.0126
12.7000 1.0100
12.8000 1.0072
12.9000 0.9992
13.1000 0.9965
13.1000 0.9939
13.2000 0.9913
13.3000 0.9887
13.4000 0.9887
13.5000 0.9888
13.6000 0.9888
13.7000 0.9889
13.8000 0.9863
13.9000 0.9891
14.0000 0.9892