2.0000 0.0000
2.1000 0.0000
2.2000 0.0000
2.3000 0.0000
2.4000 0.0000
2.5000 0.0000
2.6000 0.0000
2.7000 0.0000
2.8000 0.0000
2.9000 0.0000
3.0000 0.0000
3.1000 0.0214
3.2000 0.0252
3.3000 0.0599
3.4000 0.1176
3.5000 0.1347
3.6000 0.2270
3.7000 0.2425
3.8000 0.3208
3.9000 0.3827
4.0000 0.4699
4.1000 0.4717
4.2000 0.5227
4.3000 0.5933
4.4000 0.6380
4.5000 0.6901
4.6000 0.7664
4.7000 0.8059
4.8000 0.8990
4.9000 0.9177
5.0000 1.0128
5.1000 1.1759
5.2000 1.2507
5.3000 1.3712
5.4000 1.4257
5.5000 1.5746
5.6000 1.6261
5.7000 1.6634
5.8000 1.7856
5.9000 1.7681
6.0000 1.7520
6.1000 1.7737
6.2000 1.6354
6.3000 1.5632
6.4000 1.4701
6.5000 1.3459
6.6000 1.2458
6.7000 1.1346
6.8000 1.0214
6.9000 0.9243
7.0000 0.8689
7.1000 0.8228
7.2000 0.7792
7.3000 0.7964
7.4000 0.7780
7.5000 0.7373
7.6000 0.7231
7.7000 0.7390
7.8000 0.7705
7.9000 0.7688
8.0000 0.7927
8.1000 0.8247
8.2000 0.8072
8.3000 0.8221
8.4000 0.8376
8.5000 0.8773
8.6000 0.8717
8.7000 0.8929
8.8000 0.8811
8.9000 0.8976
9.0000 0.9264
9.1000 0.9377
9.2000 0.9841
9.3000 1.0154
9.4000 1.0164
9.5000 1.0199
9.6000 1.0478
9.7000 1.0373
9.8000 1.0654
9.9000 1.0460
10.0000 1.0769
10.1000 1.0796
10.2000 1.0859
10.3000 1.1091
10.4000 1.0872
10.5000 1.1041
10.6000 1.0873
10.7000 1.1076
10.8000 1.0772
10.9000 1.0719
11.0000 1.0793
11.1000 1.0654
11.2000 1.0609
11.3000 1.0518
11.4000 1.0569
11.5000 1.0485
11.6000 1.0280
11.7000 1.0369
11.8000 1.0235
11.9000 1.0117
12.0000 1.0054
12.1000 0.9885
12.2000 0.9988
12.3000 0.9895
12.4000 0.9901
12.5000 0.9596
12.6000 0.9530
12.7000 0.9730
12.8000 0.9367
12.9000 0.9833
13.0000 0.9861
13.1000 0.9487
13.2000 0.9484
13.3000 0.9624
13.4000 0.9558
13.5000 0.9826
13.6000 0.9746
13.7000 0.9705
13.8000 0.9690
13.9000 0.9903
14.0000 0.9843