     36 -    20 -    20 -     1 
rmse=   0.2827meV
 -4.789981912896093E-003
  2.601712817495401E-002
  7.177088672753588E-002
  0.319231933087959     
 -0.244468129629307     
 -0.138893084071211     
  0.148967447574468     
  0.425063263026260     
  0.218213303432323     
 -0.126508907601690     
  3.955085427073645E-003
  2.382527756919179E-002
  0.277241811165214     
 -0.262331648308007     
  0.291417794546004     
 -7.465529512094154E-002
  0.303048954139777     
 -0.108004607393247     
 -0.277594785593067     
  0.215709497417771     
 -0.280688968556576     
  0.392842656836281     
 -0.144209148304637     
 -3.072156610542471E-002
  8.366858359921139E-002
 -3.081317813895384E-002
 -6.463281553725382E-002
  0.482328290627450     
 -0.126037204382704     
  0.270552559658846     
  6.969163681461361E-002
 -0.363344903906448     
 -1.035183374744202E-002
  8.264653853822491E-002
 -0.134422473115995     
  4.278473924772760E-002
 -0.245380010732097     
 -0.121446084139664     
 -0.255443995224774     
  0.401377785453352     
 -0.873727887593904     
  0.179489377360612     
 -0.143665394045396     
 -0.406908813196252     
  0.205016059794797     
  0.227770523077870     
 -0.140897036154962     
  0.408751473068935     
  0.340368412954002     
 -0.297603206246562     
 -2.407680172264308E-002
  0.371599579738526     
  8.978848457197751E-002
  0.352697950925972     
 -0.379807641781752     
  0.352526636861549     
 -0.110342476506800     
 -0.182917766717350     
 -7.396548716886238E-002
  8.115399009232215E-002
  0.289616046653723     
  1.237886136644602E-002
  6.956090318716492E-003
  0.431709439961793     
  0.498231833698017     
 -8.144115485113097E-002
 -0.250860177973019     
  0.179507082097098     
  0.182365367238169     
  0.175438822282023     
  0.292410300304453     
  0.243199323812246     
 -3.919048432227457E-002
 -0.106827738420059     
 -0.287355523088430     
 -3.041811436504157E-002
  0.144610113305659     
 -0.142161888079626     
  9.250491341909144E-002
 -0.250890611023168     
  7.878443965984219E-002
  0.351099011224754     
 -0.281244219410643     
  0.291533284479789     
  0.342973205847213     
 -0.147134665576427     
 -0.182202845395540     
 -5.967177159171540E-002
  0.248598162834453     
 -0.330144224470510     
 -5.760942661473524E-003
 -8.294401266939180E-002
  0.119631562822566     
 -5.749735945781060E-003
 -0.159399408542193     
  3.302035736997092E-002
  0.147140190686344     
  0.451610480070388     
 -0.209983123452182     
  0.117465213239188     
 -0.160595291306693     
  0.124872016486052     
  0.189892231884180     
 -0.398463966151838     
 -0.354799384619394     
  1.496247517562958E-002
 -8.732303005577337E-002
 -0.466119023753078     
 -0.345211079831658     
  0.654893135054681     
 -9.048825189449780E-002
 -0.196671887473171     
 -0.141287337893326     
 -4.764036664237563E-002
 -0.292643788857994     
  9.716562515631084E-002
 -8.547725887480662E-002
 -8.693228510769499E-003
  8.834210322986362E-002
 -5.272020024912155E-002
 -0.214122364811111     
  8.140138596624152E-002
  9.513773694415111E-002
  6.259128996582128E-002
 -9.928443406992610E-002
  4.358583547639941E-002
  0.164963508824892     
 -0.141562144651525     
  0.302035939736765     
 -0.274875790065491     
 -0.100003775331298     
 -1.027842905133162E-002
 -1.919396645457028E-002
 -0.121018882856359     
  0.201225941266914     
 -3.753788539233111E-003
  9.297202373763408E-002
  9.502679682746426E-002
 -3.267468803153684E-002
 -9.763182289248277E-003
  5.925323430925360E-002
 -8.336602992808222E-002
  0.120748081193231     
 -4.079650263676409E-002
  0.197612161238311     
 -0.334866201812346     
  0.257170679139696     
  0.597506641332411     
  0.257028387100897     
 -7.532842933757773E-002
 -0.183594457248949     
  0.361466329270594     
  0.547081296307202     
 -0.610680630354371     
  0.435099160356061     
 -4.452663852844328E-002
 -0.337702698298735     
 -8.616304546991632E-002
 -0.129217394733824     
 -9.794193393794084E-002
  0.738423123263050     
 -0.447425033857188     
  9.196212190195142E-002
 -6.416685503888830E-002
 -0.168328556357087     
  0.404989907433994     
 -0.218478780530705     
 -0.107805687136599     
  0.450771943147289     
  1.139096987387576E-002
 -0.438062974076578     
 -0.196293835349989     
 -0.511601219766154     
  0.738211460512076     
 -0.131307710483319     
  6.051231562563168E-002
 -0.158670844723832     
  0.165930000708540     
  0.128513059434746     
  8.466376600162515E-002
  0.126504087283011     
  0.239592199724477     
 -0.346966626202360     
  0.129880105631188     
 -0.260766538093417     
  0.320567274971247     
 -0.529261880993635     
 -9.956131811752979E-002
  1.007584787883459E-002
  0.415859012575678     
 -0.190911466236236     
  0.470645015790581     
  0.190478369514247     
 -0.355644446847758     
  0.442155008884079     
 -0.281793240573865     
  0.661632897974437     
 -0.351600600203899     
 -9.574956769428927E-002
 -0.313191874169050     
  0.251681786876907     
 -5.853080132184811E-002
 -0.157576050330764     
 -0.297257488058856     
 -0.105772245574053     
  0.445831494845318     
 -0.109092887493421     
 -0.116695136325900     
  0.361971755903668     
 -0.305214186247469     
  0.250452326740598     
 -0.132847654489064     
 -0.221201433396490     
 -7.306001776783130E-002
 -3.284488272250149E-002
 -7.821312959004581E-002
 -0.219900078983582     
 -0.237572179698442     
 -1.849386415801999E-002
 -0.170555955131522     
  0.182190032856285     
  0.369858070053124     
  0.251650563972977     
 -0.623394158879286     
 -1.109740885363751E-003
  6.630042343719110E-002
 -8.212909419574847E-002
  0.221356093703385     
  0.373545340403705     
 -9.708549181411429E-002
  0.386785347587956     
 -0.226716431858115     
 -2.237244055151469E-002
 -3.816829971940571E-002
 -0.254613659818042     
  0.223509201265831     
 -0.318773354148630     
  3.422659285771255E-002
  0.142762650512544     
 -0.180149975699789     
 -3.149356537648519E-002
  8.553340880791832E-002
  0.103950719124364     
  0.256182927420736     
 -0.209346574235609     
 -3.851019263820696E-002
 -0.249256933687307     
  0.164221735658849     
 -2.935194404021805E-002
  0.276158687202607     
 -0.503266394080378     
 -4.596460823362983E-002
 -0.492213947101389     
 -3.809947934225447E-002
 -4.902087388502744E-002
  0.402342791140566     
 -0.154587458330897     
 -0.342422561623840     
  0.106283028155064     
 -0.507785639958946     
 -0.221395153102358     
 -0.286927949977038     
  5.616619415961283E-002
 -0.410025184900352     
  0.208018063182966     
 -0.194026392027086     
  0.256313520301357     
 -0.416400917005912     
  0.371362603826486     
 -0.555086148940217     
  0.383935603713189     
  1.810114826184337E-003
 -0.392268454169021     
  0.320463452037751     
  0.221456894338823     
 -5.568456746726792E-002
  4.749759722583365E-002
 -0.364146377391985     
  0.138068511617714     
 -0.324883377202400     
 -0.112273976298093     
  0.373269146000424     
 -0.379958735487959     
  0.382032787728859     
  0.469457639890030     
  0.130903473200922     
 -0.102855498453325     
  0.761361274133325     
  0.172730757897127     
  0.320402224670441     
 -0.472801607678333     
 -0.414702488106923     
 -8.750193610848901E-002
  0.442448176551418     
 -4.418193718576289E-002
  0.595487433500720     
  0.445758196864644     
 -0.414266711940192     
  0.235788038498454     
  0.570150894445581     
  0.640841549977598     
 -0.284550485072350     
  0.117391364306438     
  0.499146165927833     
 -0.690307843443765     
  0.599273938848321     
 -0.426313725013413     
 -5.607627993153017E-002
  0.141255057557540     
 -0.485302539427552     
 -3.370293322802651E-002
 -2.738916936011650E-002
  5.892219090973237E-002
  0.251137551510346     
  0.256483340670952     
  0.300286524004349     
  0.101003662289550     
 -0.223575095432926     
 -5.175646963697823E-002
  0.333848574305564     
  0.101394705310730     
  0.356694731344472     
  0.457290248823100     
 -0.352562973497741     
 -2.796722606306037E-002
  0.218824777787927     
  0.185854255592794     
 -0.411947967568555     
  0.123624104721754     
  0.150063999051324     
 -0.262907127637351     
  0.496027143721725     
  3.794571647589503E-002
 -5.484058565090496E-002
 -4.004188654401464E-002
 -0.337431082006165     
 -2.642249863338266E-002
  3.177276305743670E-003
 -0.436373917294171     
  0.308965672024171     
  0.359600415739867     
 -0.185146019161959     
  0.256442183208361     
 -0.105203737699423     
  8.347570364924747E-002
  0.596697847657087     
 -0.219886975556308     
  0.337237681889455     
  0.241101068194019     
 -3.224032862352678E-003
  0.110435664078767     
  3.791353435833221E-002
  0.100400609608104     
  2.647341775274994E-002
  0.244298457232676     
 -0.109882366606533     
 -0.549313158973782     
 -8.319704053432943E-002
  0.493781617377590     
 -0.366416701762849     
 -0.366087326989320     
 -9.820613464587234E-002
  0.110243412733455     
  0.429051581810751     
 -3.365611299489960E-002
 -6.658974202188882E-002
 -0.318536808012946     
  0.172017264249829     
  7.590468325556836E-002
 -0.246468517832872     
  5.759712026643876E-002
  3.739127372905911E-002
  0.224698021771192     
  0.146021960876687     
 -0.172289119406370     
  6.922281695445623E-002
 -0.176866839834009     
 -0.151650723972093     
  0.193211915516649     
 -4.572846763464193E-002
 -0.120206773988865     
  0.447607884932364     
 -0.125869690897522     
 -8.190080406156842E-002
 -0.332751656677356     
 -0.514768677983420     
  0.167971652705183     
  9.224813376121253E-002
  0.118442184457351     
 -0.223996797825843     
  0.418403363622521     
 -0.530711567603216     
  0.183824146977764     
 -0.587814630349971     
 -0.755284978519597     
 -1.293952978628327E-002
 -0.177389345669513     
  0.111938200008658     
 -0.194565352107399     
  0.197100942405755     
 -0.761427335185504     
  0.108989393473146     
  0.158894247317318     
 -0.289921807290953     
  1.655152354848048E-002
  0.324314325997191     
 -0.200881918430356     
  0.695782525693037     
 -0.216280542043800     
  0.540414764849225     
  7.030184187497796E-002
  8.811512211509623E-003
  0.223020424270896     
  0.283799381491781     
 -0.314997328637819     
  0.364001189670105     
 -0.438252951788418     
  0.172969031648820     
 -0.254614979395116     
  9.310020637076906E-002
 -0.226197417853812     
 -0.148571018704240     
  0.611958417242363     
  0.602425263867258     
 -3.606838139924781E-002
  0.241699690548746     
 -0.270000030290346     
  0.190696271552929     
  0.587049912734981     
 -0.500276445895215     
  0.281557797976022     
  0.210004562319845     
 -1.859023719225172E-002
  0.300158950451516     
 -0.328773221481419     
 -0.343264454768967     
 -0.274868277451773     
  0.111161320641928     
 -0.227276414121577     
  0.164979166813635     
 -0.253846610087585     
  0.341006077154224     
 -0.316676873115832     
 -0.273392376240058     
  0.205541975600503     
 -2.887835105979877E-002
 -0.451194591964636     
  0.178341087611095     
  5.446715126918127E-002
 -4.833751520083689E-003
  0.251976887840658     
 -0.335677653330739     
  0.516138503290918     
 -0.632055419590290     
  0.566122511368963     
  0.105181425131634     
  0.568070534291355     
  0.121632022709034     
  0.178031369772608     
 -3.339914446255540E-002
  0.442556718586403     
  8.762329922260471E-002
 -0.127870296519727     
  0.200235241877891     
 -0.330993659239278     
  0.498129864293210     
  0.356873117134229     
  5.820072695588762E-002
 -7.995568716824303E-002
  2.811695631083148E-002
 -0.112299648615974     
  0.118556497981332     
 -0.365409021522486     
 -8.925529467354396E-004
 -0.381846245047492     
  0.248229054530822     
  0.198126910965530     
 -0.209606458353995     
  4.447710239398559E-002
  0.113121106749801     
  0.368937068146341     
 -0.532458261496717     
  8.372186010046249E-002
  0.127025573402612     
 -0.175763435265986     
 -0.218464686637005     
  0.175124228508183     
 -0.293802486205128     
  0.160100924482259     
 -6.660310928607836E-002
  8.296788398794282E-003
 -0.102949666308491     
  4.405860451045772E-002
  2.654936371088042E-002
 -0.103349176236722     
 -1.844333284929836E-002
  0.285118697579077     
 -6.035240140845731E-002
  7.135811962831434E-002
 -0.189165184071275     
  0.166968403251829     
  7.324409547752135E-002
  2.539317353637070E-002
  4.820877465981008E-002
  0.174088866404622     
  6.393129299166207E-002
 -0.139831075237072     
  0.365052478703494     
  8.232631682691175E-003
  0.172798175006276     
 -0.351425288181019     
 -0.195876758683075     
  0.185116839406001     
  5.519731539891376E-002
 -7.913417096509309E-002
  0.197491795244719     
 -0.421655357664377     
  0.447371424818931     
 -0.191470659609039     
 -0.284844129316373     
  9.319410913600232E-002
 -0.239703115719557     
 -1.874059863203474E-002
 -0.136154011892303     
 -6.866105296781720E-002
 -0.119089342050611     
  0.262648370191013     
 -0.215508726832493     
 -0.225136800307827     
 -0.208874172660142     
  2.810263733630423E-002
 -0.396798938336590     
 -0.322577647899472     
  1.557827788514611E-002
  2.686876652401485E-002
 -3.754449746440540E-002
 -6.613924207739974E-002
  0.373546464874448     
 -0.395834024706278     
 -0.109646529659248     
 -0.314679380514139     
 -0.315602543553869     
  0.143949227018318     
  2.782817309311565E-002
  4.445972794703931E-002
 -0.367358963844668     
  8.831798886303337E-002
 -0.564831056602793     
 -3.502164403071140E-002
  8.208055342734982E-002
 -1.120524411621067E-003
  0.197787046156706     
  0.169292129159765     
  0.218300688929549     
  9.813803964978079E-002
 -0.228670273075953     
  0.128618531074046     
  0.389817649030299     
 -0.136400903166751     
 -5.240908141333676E-002
  0.596819056157352     
 -0.102962190514526     
 -0.282035699099046     
 -0.158533958426421     
 -0.261032026160173     
 -0.235509217578677     
  0.108314258455715     
  0.138309698997853     
 -0.301741163533504     
 -0.349066284769093     
  0.393132448822975     
 -0.114922411594838     
 -0.908073834336554     
  0.300781574788433     
 -0.187184704189776     
 -0.249564257576445     
  0.311256796901531     
 -0.261652738616225     
 -0.230345274039907     
 -6.167789715429341E-002
  0.108502653014210     
  0.324747839450804     
  3.953574310754269E-002
 -8.184816635318556E-002
 -1.428558766958764E-002
 -1.102549706817465E-002
  8.374855544310260E-002
  4.115852612080965E-002
 -2.378456465709508E-002
 -4.510433065426736E-002
  0.106224410770566     
  0.125622465010559     
 -0.370186446381342     
  0.333881054996001     
  3.461611620494032E-002
 -6.163166766275549E-003
  3.890675092234622E-002
  1.953361044321072E-002
 -0.123224584937490     
  8.788866062587750E-003
 -3.375292636082591E-002
  0.347223383088098     
 -0.389723119822766     
  4.293654459467772E-002
 -3.277074693722760E-003
 -0.140090652467041     
 -3.310677195979352E-002
  0.198536016253800     
  1.043519790788435E-002
 -0.197680263987690     
  2.926546903372981E-002
 -4.614232636874734E-002
  0.177957811268195     
  6.400260122867990E-002
 -1.309415958844455E-002
  0.505304088460069     
 -0.397666944391384     
 -0.184348587705275     
 -8.128484822862786E-002
  0.266756236297920     
  0.112011445401901     
 -2.256327104198297E-003
  9.941566026041310E-002
  7.435209903775561E-004
 -0.396365945994961     
  0.175624527973096     
 -0.128100969573214     
  9.159740400881775E-002
 -0.139474076665823     
  0.245016521402341     
 -0.226369579746375     
  8.293170625218481E-002
  8.408628313309638E-003
  4.824606821895917E-002
  0.142599393413771     
 -0.152853582843392     
 -6.539341319928518E-002
 -0.397271917828162     
  4.519636869627809E-002
  0.210327661105940     
 -0.128075242347946     
 -0.250524873684394     
  0.254691952862642     
 -0.368403395917334     
 -2.070516467577550E-002
 -0.113773432978633     
 -0.285046191412414     
  2.802047372625420E-002
 -0.186023028469096     
  0.110429052686463     
  0.327336747160009     
  0.493563801886734     
 -0.355305444783639     
  3.233054945163694E-002
 -0.214072589626728     
 -5.055883599434113E-002
  6.769499120238751E-002
  0.120022388212489     
  7.286424208510930E-002
 -0.147003347463992     
 -2.526573891317184E-003
 -0.275215320239544     
 -0.249842912421994     
  0.412220788078217     
 -9.828494800506146E-002
  0.210147409721110     
 -7.597590832090310E-002
 -0.173006967615512     
  0.338721276551354     
 -0.180474018742821     
  0.320988008328580     
 -0.307278436922419     
  0.287277939775349     
 -0.740882225414385     
  0.285178575987694     
  7.329130994151981E-002
 -0.118977804126161     
  0.123370086579186     
 -4.167959093091122E-002
 -0.112653364838827     
 -0.397460363657802     
  0.344799840253929     
 -0.270577591737138     
  0.125411583595170     
 -0.109803474713343     
  0.650059364123725     
  0.469195755526979     
 -0.295849670610607     
  1.741914394862917E-004
  0.298492814130559     
  0.217609235124022     
  0.223042580845954     
  0.455918015515439     
 -0.839141567130635     
  0.436454148712012     
 -0.104056072879579     
 -0.397531569736387     
 -1.164392919139695E-002
 -0.256941429668776     
  0.285751609549652     
 -4.901891772307521E-002
 -7.203422184422173E-002
 -7.358457024280771E-002
  0.164386801834340     
 -0.322797422051962     
  0.575428870728854     
 -0.140978683798493     
  2.135848952076777E-002
 -0.223929588087022     
 -0.415097892855194     
  0.521176351096266     
  0.372891687669331     
 -0.402858831430615     
  6.529312160856054E-002
 -0.146706521125124     
 -8.736718401651422E-002
  0.222137858698441     
 -5.134353347901305E-002
  0.160432971080796     
  0.156653197974947     
 
 -0.925741108651053     
 -0.454293480036671     
  0.408030128032084     
  0.879836071852357     
 -0.978423353813088     
  6.567151236149117E-002
 -9.105059046087857E-002
  0.345239723762700     
 -0.151040587562139     
  -1.03571733248379     
  1.236521428245978E-002
 -0.532143785676692     
  3.201164594274797E-002
   1.28046550681507     
   1.38174034852983     
  0.423795704166706     
 -0.539908341467382     
  0.807669030539158     
  0.125881898258280     
 -0.166822934346864     
 
 -0.160403598493036     
  2.216130564144455E-002
  0.225367721173123     
  0.375202996508050     
 -0.487743340918267     
  0.514565788094454     
  0.178502272172771     
  0.431311778311414     
  0.231195201976302     
  0.272414252367872     
 -0.410883044604130     
 -9.277352076963390E-002
 -8.941779917260878E-002
 -0.438887549302184     
 -0.658603940794883     
 -2.020266652087485E-002
  0.565183706397374     
  0.576820412569230     
 -3.301714747313449E-002
  0.369435261606860     
 -0.669357956365259     
  0.199533646922260     
  0.308689463132118     
  0.320452553997538     
 -0.120215336099848     
  0.106480867814139     
  0.617138975303785     
 -5.632488140329842E-002
 -8.945924601590502E-002
  0.234363587676869     
 -0.473538365684245     
  0.431117550628447     
  1.022154846759668E-002
 -0.555754789002472     
 -0.828741184128133     
  0.590056904296517     
 -0.559793780594198     
  0.180027269860600     
  0.355242061117130     
  0.323542628953659     
  0.786834929233192     
  0.676560811410159     
  0.443455756311882     
  0.404910866562695     
 -0.622955052766655     
  0.834571717630948     
 -0.852699600827818     
  0.512133843082200     
  0.696121796821384     
 -0.389126109352376     
 -7.852191027196120E-002
 -0.386041558328398     
  1.271139676361813E-002
 -0.853612951878604     
  0.221661896023609     
 -0.406729647222431     
   1.18394272064092     
  0.157838247746026     
 -9.986518961371456E-002
 -9.136963077511535E-003
  0.158267397154758     
 -0.298311052831820     
  1.106508145857237E-002
  0.583732349823394     
 -1.995161835457350E-002
  0.349176034278410     
 -7.318210054915605E-002
  2.883004198003957E-002
 -0.140845438269442     
  0.457054285831010     
 -0.293955711922424     
  0.381855512969740     
  0.201725549326583     
  4.205343879191636E-002
  5.628839360869275E-003
  0.123633465565689     
  0.568233467458422     
  0.533292872204414     
 -0.302210360876616     
  4.065906241181606E-002
  0.710439777307565     
 -0.325281188975012     
  0.475138447524337     
 -5.280393373511848E-002
 -0.435821768147709     
 -8.806453840019059E-002
  0.524291002684020     
  3.790240075893979E-002
  0.785985944778605     
 -0.405395827009617     
   1.12074388990483     
  0.121047305477105     
  0.766190016973728     
  0.494828362418745     
 -0.320678315386004     
 -0.430018364838248     
  0.276936789980680     
 -0.426027676800155     
  0.417611398517652     
 -0.180251838880688     
  1.478694432546027E-002
  0.130679813451810     
  0.589243211117292     
  0.404201918836975     
  0.579004634717052     
 -0.144553535744509     
 -0.119470752373865     
 -0.774627292472603     
  0.154545608656999     
  0.595791485400132     
 -2.390209841607746E-003
 -0.373519122167924     
  6.590364956528474E-002
 -8.146988830074410E-002
 -0.101572118213971     
 -0.649094106949046     
 -5.939064272941464E-003
 -0.478245812631294     
 -6.213003461970375E-002
 -2.532633330163553E-002
 -0.136283308018498     
  0.332234552568300     
  0.196590797520731     
 -0.752843892444878     
 -0.911122886054876     
  0.228292510882476     
 -0.525978602469540     
  4.282117305839916E-002
  0.190939544092915     
 -0.418988467077875     
 -0.465699054410883     
  0.548607945229482     
 -0.472300825200848     
  4.187550954202922E-002
 -6.017777024376782E-002
  0.183020086267253     
 -0.153791766539294     
 -0.364123989096731     
  0.774490013192561     
 -0.836395623806796     
  0.490797793235478     
  0.337935308976369     
  0.368535309251825     
  5.387926618420413E-002
 -0.344768190443642     
  -1.06033156336926     
 -3.820253928422453E-002
   1.06766140816273     
  0.158908252862865     
  0.613508013118077     
   1.19824021430692     
 -0.163127306076028     
 -7.984224274659607E-002
 -7.523490124048399E-002
  0.245799618898533     
   1.16764932675247     
 -0.464792080466527     
  0.973901900546370     
 -7.107475846911068E-002
 -4.386697202997318E-002
  8.361125773765485E-002
  0.297773720003919     
 -7.200290593062242E-002
  1.116301428461729E-002
  0.265332359423649     
  0.482280651064358     
  0.597677876085390     
 -0.926385981665725     
 -5.345077846689592E-002
 -0.155881328666683     
  0.580331355873517     
  0.300164961931572     
 -0.330090708601696     
 -0.847757356095275     
 -0.183303993104941     
  0.295773157715133     
 -0.125905155142574     
 -0.697722276981576     
  6.520407604688039E-002
 -0.231388802362305     
  7.497424946312141E-002
  0.145005480413557     
  0.280908631248742     
  0.458025771222793     
 -0.284844370783234     
 -4.334956892535272E-002
 -0.325055056342396     
 -0.196479436700019     
 -0.638905607285073     
 -1.264209300655937E-002
 -0.513123089355163     
 -0.494393010680328     
 -9.867330232871288E-002
  0.115710910220096     
  0.844551029026016     
  0.161839530868861     
  0.349819825667270     
  0.236862282495814     
  4.980210984848619E-002
  0.360202935528791     
 -0.566026736146246     
  3.965824156095414E-002
  0.682534487950863     
 -0.246201231652110     
 -0.151343279812026     
  0.966771908799903     
  0.191502030926435     
 -5.013855928725133E-002
  4.350288204766902E-002
  1.271056679580235E-002
  0.541976415515326     
  9.359771549599643E-003
  0.375366719076001     
  0.590538083722661     
  0.162464293468872     
  0.787794880111929     
  6.554231688114812E-003
 -0.174597285849807     
  0.928494710917271     
 -0.665650840437879     
 -0.135088039444263     
 -0.328674876734628     
  3.250664609972444E-002
 -0.296316899917472     
 -0.262947142571150     
  0.185881756601924     
 -0.138136723952811     
 -0.244852167788010     
 -9.403785781402703E-002
 -0.471484262642433     
  -1.01157156378508     
  0.485131022687462     
 -0.521462545984385     
 -0.733606954960336     
 -0.636145382655144     
  0.347393051609622     
  0.561148170005225     
  5.860455996764681E-002
 -0.421612412444596     
 -0.199887898097160     
  0.199507968846225     
  0.165590451626142     
 -5.697244160485131E-002
 -7.528221857681132E-002
  0.190420993404904     
 -0.270707353168660     
 -0.237797568395457     
 -0.189649623222889     
  0.282707745780776     
  0.147149179201249     
  9.322896612030238E-002
  0.120074192044532     
  0.163406279170744     
 -0.202813606107443     
  0.113480986622407     
 -0.199968978490607     
  0.218315221050589     
 -0.289249032764938     
 -0.239646096976434     
 -0.118457756104490     
  3.670144620998640E-002
 -0.415533408533768     
 -0.768587513264410     
  0.101269302362618     
 -1.535492042611179E-002
  1.814105553494281E-002
  0.586381804740545     
 -0.413248940386474     
  0.322455875572529     
 -0.310477662766724     
 -8.747569658876767E-002
  4.759829126026571E-003
  7.771871402043902E-002
  0.696004604192968     
  0.175104651159856     
 -1.309375588791745E-002
  0.131945888826698     
  0.202730384804452     
 -0.309448777931858     
 -0.238423862834758     
  0.455168465950895     
  0.129056767421226     
 -0.543024507950659     
  3.676769185486981E-002
 -0.529692187930825     
  0.379537906605939     
 -5.535702423709402E-002
 -0.302281679162386     
  0.348549301755254     
  7.326148468496876E-002
 -0.256541411622760     
 -0.115136392197052     
 -0.184996250838127     
 -1.545666903227874E-002
 -0.333395017556286     
   1.08138624883404     
 -5.844699372602322E-002
 -0.636451506212748     
  0.220678241522442     
 -0.627304002903046     
 -0.180229848590413     
 -0.251039612501424     
  8.062982604821441E-002
 -0.214990233848229     
  0.249927202241737     
  0.239290039742266     
 -0.150274532063366     
  8.130074578867851E-003
  0.190780490657133     
  0.189461978385695     
 -9.928508590691844E-002
 -0.216674149825746     
  4.308709378124859E-002
 -0.258082997840199     
 -9.357778678663711E-003
 -0.301612019331214     
 -0.222641680504803     
  0.175185935789532     
 -0.302245532650503     
 -0.284117363796614     
  1.054421477202923E-002
 -0.207581307733075     
  5.040901761966409E-002
 -7.377443179670153E-002
 -0.240728817606797     
  0.300894838129345     
 -9.900401338930365E-002
 -0.295098417875161     
  7.653697625699343E-003
  0.286064306286508     
  0.316165868348907     
  9.797288976082126E-002
  5.190227663056155E-002
 -0.100409610767860     
 -0.203914169981896     
 -4.865923467787288E-002
 -0.215069917302203     
  0.180717944800827     
 -4.061248527610381E-002
 -0.347576632304254     
  0.642364831528782     
 -0.365602870499784     
  0.581937993175596     
  0.151131835067367     
  0.957398411851123     
 -0.408208059832865     
  0.670263322255638     
  0.143781062464428     
 -0.193848892711183     
 -0.163581668763533     
  0.238922879357647     
  0.129629774092164     
  0.985127592812901     
  0.412037883961268     
 -0.246661932046771     
 -0.632386797316101     
  0.477118499030782     
  0.690881310798610     
 -0.196781330995422     
 -0.109772269865848     
  0.163070983297597     
  0.150787041253861     
 -3.558862006966246E-002
 -0.358471726156177     
  0.143617329712669     
  0.105284066626324     
  0.389054140241331     
  0.133300701788440     
  0.143516826663151     
  0.582932587074752     
  0.335687634256056     
  0.109933431835259     
 -0.428011853897035     
  0.578563731342550     
  -1.00870889405166     
  0.220078963952466     
  0.101794768932861     
 -0.467057145389769     
  0.113238639845298     
  0.292627005269109     
 -0.125673619739902     
  5.999967938370174E-002
 -8.330369465597469E-002
 -0.323290698715001     
  0.228373195186014     
  8.707548139782499E-002
 -6.218739012428282E-002
  0.529397018117085     
  0.335732666445675     
 -0.193542263320474     
  0.247257260334551     
 -1.665458751327356E-002
 -0.215681870153735     
  8.922185260619518E-002
  0.253329277117875     
 -0.317961497339856     
  2.728908454506021E-002
 -0.175487753199314     
 -0.454471149412014     
  3.883984062199605E-002
 
  0.122001698917571     
  0.590061582938573     
  0.234787209641845     
  0.160946702477354     
  0.257432865293798     
 -0.341913060959856     
  8.345856377626190E-002
  0.325730520366836     
  0.115023331888870     
  0.650585862311755     
  8.729426479659325E-002
 -0.158276640015027     
  8.812357007711420E-002
 -0.201642500558021     
 -4.883985246800718E-002
 -0.111723343083447     
  6.520048533311489E-002
  0.105328332317939     
  -1.02703558225605     
  4.747920156197911E-002
 
  1.377522950623378E-002
 -4.120687586427179E-003
  3.980448964884779E-002
 -2.139296628274828E-002
  7.166204111864652E-003
  2.862901462625154E-003
 -2.503450161427597E-002
  1.062667647168342E-002
  1.883653136359103E-003
  1.048137819170799E-002
 -2.140288229854116E-003
 -3.958785793982415E-003
  3.627678406838710E-004
 -1.119674957000422E-002
  8.046466087954505E-003
 -1.414611721213776E-003
 -3.995376346562223E-005
 -1.273039164022000E-002
 -2.669214081089056E-002
  7.190520160606548E-004
 
  1.325933333333333E-004
 
  tansig  tansig 
