     36 -    20 -    20 -     1 
rmse=   0.2827meV
 -3.602297895193138E-002
 -8.731527099850940E-002
  0.186851954920367     
 -0.417409281115449     
 -0.328323068559542     
  0.186025413521083     
  4.702928582101593E-002
  0.407012045576383     
 -0.359455925043176     
 -0.474780728468836     
  0.379007176397394     
 -2.652520054330922E-002
 -0.215885888975953     
 -8.178113010320769E-002
 -0.235171629670148     
  0.315431668356629     
 -0.204345122987946     
  0.724480751833505     
 -0.705517778332455     
  0.198367016372091     
  0.442532209377190     
 -0.267318141096963     
  2.388674562246150E-002
 -6.232983617652784E-002
  6.163423095242861E-002
  0.150205528275044     
 -0.196982201235395     
  0.252150989754652     
  0.317656461751600     
 -0.328939844336945     
 -0.176390239380535     
  0.441338837741716     
  0.150954666779093     
 -0.299750903863310     
  0.159759239394418     
 -7.969773518665298E-002
  0.461965807370117     
  0.182548347268055     
  9.044856108772112E-002
 -0.492251398809427     
  0.416192760334597     
  0.636169092802588     
 -0.108046366771288     
  0.159074163115702     
  1.750353382854115E-002
 -0.581187475688724     
 -9.159610030475666E-002
  0.276281874705725     
 -0.496597272461642     
  0.199620304639521     
  0.115310172301096     
  0.531887593258881     
  0.156353506662748     
 -0.370872423250926     
 -0.122417848589250     
  2.436756406280330E-002
  2.561448732500353E-002
  9.460141801653453E-002
  0.255959109352831     
 -0.175768047640971     
 -4.460030844584956E-002
 -7.346341212698934E-003
  5.841457374053861E-002
 -0.187645920789531     
  0.229780954992550     
 -0.508559697773573     
  0.367291423953443     
  0.423692398558974     
 -0.365267926642152     
 -0.168534643361146     
  0.257924816889069     
 -0.420395870761388     
 -8.840234887687939E-004
 -0.264810746975615     
 -0.808196451071456     
 -1.975356794010645E-002
  0.527757774652878     
  0.193486332788957     
 -0.350379171520007     
  1.255812922081083E-002
 -5.329604754767247E-002
 -0.130264942711940     
 -0.240602386227266     
  0.266986256614457     
  0.116862830857068     
  4.315250571585776E-002
  0.231019397156613     
  3.616328224207982E-002
 -0.140975480175630     
  1.224889682426676E-002
 -0.512763300311176     
  0.156829873824130     
  0.141295008491861     
  5.623161704117248E-002
 -0.450287678607101     
  0.103847560485931     
  0.798290305545232     
  0.185802734601353     
 -0.574038365704843     
  0.633426687632462     
  0.201801647136487     
 -0.109181274903296     
 -5.037457233809229E-002
 -3.736703988593133E-002
 -1.085349026274915E-002
  0.432813583221193     
 -0.287816494234679     
  2.933524895238608E-002
  0.136492845859978     
 -2.904715517561526E-002
 -3.932365096332214E-002
  0.258044476426069     
  0.494602948005220     
 -0.284961144745170     
  0.102676734510355     
  0.361992220389557     
 -0.295074447182399     
  1.061531251112332E-002
  0.362808516677146     
 -0.199751021796081     
  0.291725962816539     
 -8.730422476269192E-002
 -0.195588199867647     
  0.443747072220611     
 -0.194484368583290     
  0.654956259436925     
 -0.421035680978884     
 -0.100045499058557     
 -0.274168648091474     
  0.118434176382562     
  8.222769106560186E-002
  4.480389049689924E-002
 -0.204600379517416     
  5.193149058400491E-002
 -5.064825868611582E-002
 -0.340673483932922     
 -6.824895294689973E-002
 -6.643885614295972E-002
 -0.114882373264317     
 -0.203361855508635     
  1.330096751756319E-003
  0.206945393685631     
 -0.215860288573530     
  9.686473830341337E-002
 -8.031532570326207E-003
  7.513299942802758E-003
  0.380874200263249     
  0.348160221549996     
 -0.457361246891468     
 -1.402173716430376E-002
  6.579556986575948E-002
 -0.201163243992202     
  0.147197354655595     
  6.886970465853272E-002
 -0.315144442210514     
  8.279245665440767E-002
  0.208429367131254     
 -0.286582903862471     
  0.117204307093041     
 -4.518595667952885E-002
  0.112946493315987     
 -0.229458763963358     
  0.369035831381960     
 -0.161537672548572     
 -0.284136992435153     
  0.420560795071346     
 -0.168066419040251     
  0.108653281014145     
 -0.283342445033683     
  6.217916176930915E-002
  7.033134517772541E-002
 -0.651384992744309     
 -0.213113370850345     
  0.899199760376127     
 -0.148738268059759     
  5.456311149362371E-002
 -0.308949469383113     
  6.003226128815906E-002
 -7.237729512086330E-002
 -0.107665148768985     
  0.166884400393792     
 -2.157880017093435E-002
 -0.310665415593641     
 -0.532336505918519     
  3.682257593031301E-002
  8.043542641858423E-002
  6.824385179004697E-002
  8.400684249812948E-002
 -0.278773097348066     
  0.144742298866740     
 -0.360902253038200     
  0.203091055412040     
  1.614625528755084E-002
 -3.888521619772120E-002
 -0.164550565669988     
  0.368326843335610     
  5.609155682466571E-002
  0.579402595287231     
  1.062883894829598E-002
 -0.148862388139567     
  5.900586669542704E-002
 -0.105823819305564     
 -0.293397260020639     
  0.468718670208183     
  0.503442603289549     
  0.498214094938746     
 -0.350271528126160     
 -0.100908922363733     
  0.225434624544971     
 -0.210120356484667     
 -0.210067350030091     
  0.549462855776806     
 -0.244807296797528     
  3.285992856962114E-002
 -0.359655326486680     
 -0.448885197029198     
 -2.249705762302472E-002
  0.216051639498420     
  0.326120450889943     
 -0.116705459713377     
  0.159644400506028     
 -0.435501005237829     
  0.173595896154683     
  0.317184339469930     
  0.134986757415632     
 -0.256233492012851     
 -0.112012949442560     
  1.673788641748420E-002
 -0.179128625284419     
  0.168563427508449     
 -0.194293910920101     
  0.170907679176385     
 -0.392596148479806     
  0.257504916409204     
 -4.960563621096946E-002
  8.663396657375425E-002
  0.346346762478937     
 -0.159834113797153     
  0.148538923567244     
 -7.191981100356769E-002
 -0.213671190412337     
  6.580547873899625E-002
 -0.123894532428607     
 -8.704558545461802E-002
  0.122088661119533     
 -3.430461290162168E-002
  0.293513572889806     
  0.174528420126962     
  4.092261414655021E-002
 -0.216044098665057     
  0.123291809972782     
  8.219708182667536E-002
 -0.192950533646842     
 -6.265232620748223E-002
  0.326391357260498     
  3.461561130436776E-003
 -0.219809937267398     
 -8.791889732497790E-002
 -7.042863450562793E-002
  0.251404216595015     
 -0.277957208066630     
 -9.826666966589820E-002
  0.331149047733698     
 -0.268008262689903     
 -4.908328539068212E-002
  2.206017267871375E-003
  0.255632598650133     
  0.252272428093588     
  4.123686385399426E-002
 -8.912298792483742E-002
  0.650503513315174     
 -0.206137241215854     
  0.139625042190730     
 -0.336602278424527     
  0.191831383372380     
  0.204274096674014     
 -0.144362043543612     
  8.685724248970858E-002
 -0.229328290611217     
  0.178178065548871     
  0.131905028028952     
 -0.232507398061068     
  0.682098896678206     
 -0.332383511754560     
  0.521175644211748     
 -0.158931378407209     
 -0.108168097933766     
  0.335742412078993     
  0.435745250347119     
 -5.066576139804750E-002
 -0.136561710821764     
  1.247865667177201E-002
 -0.155415644150410     
 -0.214172152805261     
 -0.194876171223813     
  5.575309348540380E-002
  0.228176277408755     
 -5.468096302626753E-002
 -0.291057216227748     
  0.109166422243772     
 -0.286443262269525     
 -6.997737448195013E-002
  5.430938499396544E-002
 -0.117797730524271     
 -0.179141710571120     
  0.889906251008702     
 -0.296081403569801     
  2.269388156147523E-002
 -1.259413588120421E-002
  0.258442234817898     
 -7.937212464867911E-002
 -5.228390678808684E-002
 -0.123235831956255     
 -0.211047137198555     
  0.222752744195635     
 -0.143856365115410     
 -0.324744314152012     
  0.117845281026416     
  5.067170306174047E-002
  0.347100290251940     
 -0.324805438892534     
 -0.148899852922800     
  0.159778246080124     
 -5.379543685803457E-002
 -0.174750918988800     
 -0.205096175318540     
 -0.156898622841018     
 -0.152696929899926     
  0.107297770048510     
  0.257111770409225     
 -0.275204369019371     
  0.297623254359353     
  1.770539780785955E-002
 -0.250944755979713     
  2.734889469122198E-002
 -7.847928877177304E-002
  5.417605177633973E-002
  0.607557513101080     
 -0.657752873604522     
  0.241896326469128     
  4.234280230353378E-002
 -7.023800378812167E-002
 -1.998417349057527E-003
 -4.616837765015278E-002
 -0.395849665758798     
  0.255737704394411     
 -0.100740312632178     
  9.789738978603343E-002
  5.949551919416669E-002
  0.255938925743089     
 -0.213783043928974     
 -0.621027646738330     
  0.164344722639909     
 -0.756213996281412     
 -0.741145092805656     
 -2.381989766435819E-002
 -0.225147409828528     
  0.371924906952501     
 -4.813016047926363E-002
 -0.129802177167998     
  5.839984880664519E-002
 -1.585988261393828E-002
  0.240563518880986     
  6.413574922452325E-002
 -0.422226257412288     
  9.541452143601817E-002
  0.101882484674278     
  9.193421066719454E-002
 -1.487201021108095E-002
 -0.144882676066493     
  0.211162925444685     
 -0.132944348808100     
 -9.183836044450823E-002
  0.449223752060954     
 -0.531760094598463     
  0.382282358502377     
  3.759694748374251E-002
  2.907329241966315E-002
  0.106694517086349     
 -8.782636048135133E-002
 -0.289157199044242     
  0.267921316508372     
 -5.142559345073082E-002
 -3.177155438877349E-002
 -0.502369217462899     
  0.623252074209098     
 -0.265748805155475     
   1.03653485689706     
 -0.167484572584526     
  0.294885118194554     
 -0.489050924035607     
  3.443915231130155E-002
  0.213343425124800     
 -0.203161068739057     
  9.052050305433790E-002
 -8.740192124514656E-003
 -0.134255362059466     
 -0.149556364284991     
 -7.273356148481754E-002
 -2.594268493988895E-002
  0.106939454730587     
 -0.404826828976361     
  0.464458376761841     
  0.126841221512972     
 -7.082878115606930E-002
 -0.124635600789386     
 -0.248104968930500     
 -7.552259017365201E-002
  0.485001799157678     
 -0.351388745614481     
 -2.454891899133648E-002
 -2.777538913142291E-002
  0.182892577133619     
 -7.513585279107067E-002
 -0.302295708269771     
  8.164252606816011E-002
  0.731227427931398     
 -0.521016353233201     
  0.339726890264667     
  0.111711522953778     
  5.380193182177347E-002
 -0.138316322374837     
  0.124900034447709     
  0.896877792749900     
  0.152251147285354     
 -0.141507450354396     
 -0.324427104319442     
 -0.507323829478776     
 -0.224216212366383     
  0.482872180347775     
 -8.019689666459939E-002
 -0.156978054981933     
  0.414282979795474     
  0.107181153095860     
 -0.286247374200482     
 -0.158078376854048     
  0.318770259111205     
  0.124046877652075     
 -0.160274091162512     
 -0.275285737921873     
 -0.139546641463116     
  0.170714958722829     
 -9.730957830159501E-002
  0.124834418232604     
 -0.108139667629786     
  0.363238767098503     
 -4.984918442086701E-002
  0.309838821308208     
 -0.114836872047165     
  9.962606785289378E-002
  5.516471834910665E-002
 -8.994493720264573E-003
  0.404641816006627     
 -0.284052319981361     
  2.487044291196172E-004
  3.846503017677384E-002
  0.106615884725713     
  0.104760069257697     
  9.726180319587169E-002
  1.780480483374038E-002
 -3.470308708923361E-002
  0.354502666813849     
  2.100062114951774E-003
  0.436733750923759     
  0.112253186682583     
 -0.222782691668159     
 -4.398972715908338E-002
  0.149351394657433     
  2.398499897744186E-002
 -4.612550686497079E-002
 -0.198108200913978     
 -0.140241848904576     
 -0.208996543071207     
  5.572352256961934E-002
 -0.135355866384051     
 -0.480784823353658     
  8.374428234647047E-002
  0.153100829013230     
 -0.169972958440612     
 -1.862029401967240E-002
 -0.114471889127808     
  0.321432454050188     
  0.152083819482914     
  1.910376034854086E-002
  0.113532157866680     
 -0.730956970644901     
  0.110830258150873     
 -1.748021233121886E-002
  0.141161830375540     
  4.114703795214282E-002
 -0.196246088888141     
  0.112439772540091     
  6.915645176758425E-002
 -0.148694598782008     
  1.404866695692998E-002
  7.343783756670692E-003
 -0.161459473803621     
  0.811151865616073     
  0.522924920834437     
 -0.468367633801572     
 -9.594904708957393E-002
  0.276364798715731     
 -0.156213492853270     
  3.156257714344185E-002
  2.408919023911872E-002
  0.193860480739663     
  0.121106229249784     
 -0.132784052127463     
  0.311742379740067     
  0.436951604498375     
  5.799948101473003E-002
 -0.355137626931623     
  0.337946943323645     
 -4.620293816978216E-002
 -0.250291607502656     
  0.324689102383576     
 -0.341372065421496     
  0.333874986411892     
  0.286974843811483     
 -0.380434343536885     
  0.311243622067823     
 -0.148364157235497     
  0.355637599416740     
 -0.195735497787539     
 -3.986387018354949E-002
 -0.250854099089219     
  0.469820578783525     
  1.987260852881397E-002
  0.374658616255015     
 -0.169095030341429     
 -4.389212989875742E-002
  0.227161569766028     
 -6.738214609427624E-002
  0.437390267015030     
 -0.615831312323699     
  7.707742387418857E-002
  0.302196366717807     
  0.230497654461851     
 -0.281164721139114     
 -4.884758826550901E-002
  0.155424613177175     
  4.543762795259899E-003
 -0.326387218084128     
  0.281950419277324     
  0.220894838978574     
 -3.647405337139546E-002
 -0.214115072135062     
 -8.311102599530031E-002
  6.473316205426724E-002
  9.920559439772761E-002
 -0.169767859750634     
  8.052607628834754E-002
 -8.753338960134180E-002
  8.829012688863036E-002
  6.309395658025324E-002
 -4.698927881111568E-002
 -0.155722401056428     
 -0.128042434999899     
  9.631544649307647E-002
  1.087633974111973E-002
  0.123512163578527     
 -0.148283663166223     
  8.476152867249710E-002
  3.238129639977022E-002
  0.309446324056639     
 -0.527205243349725     
  0.156400934962779     
   2.02570855941017     
  1.601049288974712E-003
  0.190917972302566     
 -7.685050510713581E-003
  5.177700860775917E-002
 -0.222517002182483     
  0.135232526784387     
 -6.018603974453336E-002
  2.156216293033382E-003
  0.446839137515846     
 -6.490496408001190E-002
 -0.334209841507225     
  0.310641181540657     
  0.453871240009630     
 -1.829981372853359E-002
 -0.232175888036256     
 -1.736265893378372E-002
 -0.418581799483007     
  0.598602512189600     
  0.414746738774968     
 -0.235738145690768     
  0.257147847850727     
 -0.346963824606465     
 -0.146738929341441     
  0.132075214577988     
  0.116538388076489     
 -0.259285889668842     
  3.936764062573218E-002
 -0.222905711727081     
  0.239836198158928     
 -0.330623706845058     
  0.157342336972990     
 -8.238834305021528E-002
 -0.220314575450264     
 -1.807761471931249E-003
  0.192330217198909     
 -0.304548946755974     
 -9.344664908484290E-002
 -0.523350154519609     
 -0.251962343080311     
  0.455442708056174     
 -0.328259384774291     
  6.473168987262651E-002
 -0.100374367164304     
  8.827788736373010E-002
 -0.157909958862798     
  0.167574840367334     
  6.406739277948113E-002
 -0.317497454228252     
 -0.244324017398471     
  0.104598050147890     
 -0.449414215762258     
  0.720121799927490     
 -0.176961723371788     
  0.186641059274144     
 -0.112387893836276     
 -7.122312187619148E-003
 -0.130462630760491     
  0.239420775068411     
 -5.495572888912349E-002
 -0.163648100963170     
 -5.218531935970518E-002
  0.895926510366108     
 -0.395786095330827     
 -3.206457884828581E-002
 -0.167533925827160     
  0.122709143206455     
 -3.764449414735920E-002
  9.425954228934151E-002
 -0.188092833038556     
  0.457326580709770     
  4.332901671423941E-003
 -0.217278186843814     
 -2.993030812689055E-002
 -0.434168551122256     
 -0.151834334522448     
  0.378792960859810     
 -0.480269706853253     
  0.416638885226317     
 -0.302675130163964     
  0.125696406054531     
 -8.630342591906445E-003
  1.211455450231128E-002
 -6.621093590599113E-002
  0.243139654919533     
  7.923826501490362E-002
 -0.274507472625472     
 -0.421614512260870     
  0.201629955046056     
  9.207310293842277E-002
 -4.564450753695340E-002
  0.257557398725866     
  0.270045147460527     
  0.133895067559913     
 -0.149293366787050     
 -0.244663080174781     
  0.163913719292363     
  0.309870354234634     
  0.440642072620626     
  3.736603051440661E-003
 -0.464263808967379     
 -0.325068448769526     
 -0.659904720408187     
 -0.162827801513241     
  0.256719608302102     
  5.433659508429473E-002
 -3.010493043534290E-002
  0.357888979068473     
  0.343545454518812     
 -0.314912313589361     
 -0.424360196290380     
 -7.148459939251493E-002
  4.715791110455925E-002
  0.189218522531708     
 -0.199625928985020     
 -0.345431383779149     
 -0.734289520522068     
 -7.810205579070878E-002
 -2.146059276545276E-002
  0.222969379329026     
  6.989316863795536E-002
  5.226495874657212E-002
  0.393547015704022     
  5.342815372915723E-002
 -0.148429691388224     
  0.231944210292883     
 -0.270174387963514     
 -0.157501129523426     
  0.249607644268232     
  0.107827181417865     
 -0.198001834592792     
  0.550036231670330     
 -0.451458856859776     
  0.285646303719873     
 -0.599524277175577     
  0.444254218057592     
 -7.304641156258644E-002
 -0.107765918499669     
 -9.582887510032168E-002
  0.211176361155922     
 -8.070593119240023E-003
  0.139797333979680     
 -2.201598324307612E-002
 -0.113807873292915     
 -0.815343039564741     
  0.208037257734861     
 -0.502577692594733     
  0.267112228684696     
 -0.191631615386171     
  0.288167312058664     
  7.334262500179188E-002
 -9.687688339811401E-002
 -2.168362295299260E-002
 
 -4.472620624946174E-002
 -0.715560263364910     
 -0.417548821903378     
 -0.367293540014215     
  3.556624463256971E-003
  4.638006987328702E-002
  0.581433196182245     
 -0.343351194138135     
  0.864672340504018     
 -0.413498688062640     
 -1.812645340638167E-002
  0.221097398167971     
 -0.406858112024717     
  0.235390597930841     
 -2.486328067910385E-002
 -3.789496975851087E-002
 -0.574687447479005     
  0.524424805911313     
 -9.963866351253850E-002
 -0.158058968611723     
 
  0.612966031838033     
  0.390909691871781     
  1.314091729174414E-002
 -0.762076520186810     
 -0.429654601390058     
 -9.996517776940361E-002
 -0.432643497522287     
 -0.210961476159563     
 -0.117124861907461     
  0.169004804622785     
  4.399008797988950E-002
 -0.442140260548301     
 -6.439516472826007E-002
 -0.363475164135719     
 -0.385958417358529     
 -0.196804875451086     
 -4.943699763770017E-002
  5.315269129517478E-002
 -0.620606914592902     
  0.128002774536240     
  0.215458794537056     
 -6.138282605346881E-002
 -0.825238043711142     
 -4.351149714752497E-002
  0.262549132729435     
 -0.147551732143911     
  0.202657334744991     
  7.550948281564727E-002
  0.409535145292055     
  3.746137820459622E-003
  -1.23753989824694     
 -0.924253426467511     
  0.144715163128345     
  0.511166931078019     
  0.452224698518291     
  -1.10431338810947     
  0.106679851473140     
 -0.450846243909082     
 -0.292148922293495     
 -0.468121633231933     
 -0.295475288629192     
  0.173364731968286     
  0.366715178071771     
  0.236706085958386     
  0.316711554760939     
 -0.194089892606638     
  0.504789381219019     
 -0.268611496719757     
  0.265063258536543     
  0.478615494225249     
  0.345991827518365     
 -0.256859267429202     
 -0.518745268491466     
  8.245521255592009E-002
  0.633007552909597     
  -1.02562913172818     
  0.131320410963989     
 -0.103343936954449     
 -4.659617055182196E-002
 -0.346829147817351     
 -0.266491015420736     
  6.215364451954177E-002
  0.100784013790976     
  0.104527679637095     
 -4.018082247765929E-002
  0.263336228938603     
 -0.273076006511471     
 -0.385819241471676     
 -0.496482037610099     
  0.411621105256988     
 -0.661827622494190     
  0.304798478456594     
  0.599056954893407     
 -0.260585395545833     
  0.284042610881108     
 -0.361603752797244     
 -0.254564375022866     
 -0.222850264032722     
 -0.195112332342510     
 -0.952739660391921     
  0.719219641476683     
  0.110107246313459     
 -0.330375950474701     
  0.172304275972388     
  0.602027902099028     
  2.535466085142056E-002
 -0.232630361501787     
 -0.154567365780311     
  0.543864547201430     
 -8.618034414119409E-003
  -1.19266681772607     
  0.353667275037444     
  0.375184130204709     
  0.258717619702443     
  8.928886245354331E-002
  0.336566121184867     
 -0.599633347713940     
  0.391496054940238     
 -1.494393129820284E-002
  0.246407202689325     
  0.235197357064940     
 -2.521891897878908E-002
 -7.746228887165282E-002
 -8.890878861147597E-002
  0.604133550110486     
  9.611673403108612E-002
  0.261246802272520     
  0.244914867425755     
  8.946279990698663E-003
 -0.323565177816480     
 -0.834606814902407     
 -0.199349084905174     
 -0.108080989486085     
 -0.949287785497412     
 -0.104423184000285     
 -9.453205609812266E-003
  3.890167681607438E-002
  0.190010398715206     
 -0.492038664527894     
  0.114741710144780     
 -0.154106858846760     
  0.217002424089887     
  0.275854724070942     
  0.287681063105931     
 -0.856031177399742     
  9.211256320879620E-002
 -2.132369648477204E-002
  0.586747630335148     
 -5.764743855406357E-003
  0.317673339755872     
 -0.164487762624976     
  0.346711828094928     
  4.091487938991326E-002
 -0.356018047512542     
  0.397459749889943     
 -0.470120879540277     
  0.227481216722722     
 -0.152688021094868     
  0.383803768023417     
 -0.702376334242419     
 -0.503467831407732     
  0.325895302247209     
 -0.246006032960211     
  0.312937863062747     
  -1.01680849142746     
  0.568476299873745     
  0.623881860865226     
 -0.814657207420345     
 -0.248199562975891     
 -0.745330443739940     
  0.334696436242864     
 -0.140981007123432     
 -0.485993326369825     
  0.230345394048287     
 -0.277891293802724     
  0.258289916714185     
  0.523645216129042     
  3.674076172037168E-002
 -0.115106482790920     
  5.440671899212634E-002
  0.412894606007764     
  0.566852216875995     
 -0.280712245761771     
 -3.884758893708080E-002
  0.839253206292874     
  2.422548009681941E-002
 -0.124977224317761     
 -0.574974389643567     
 -0.635048956951882     
 -0.619892628550433     
 -0.151307508585436     
  0.348556357713161     
  4.213441555828432E-003
  0.209363419613625     
 -0.167278633501530     
  0.250543119382238     
 -1.668299069639764E-002
 -0.487885111125449     
 -0.278717848699897     
  0.202702011125303     
  0.291124272310688     
  0.465334734558026     
 -0.621653371585364     
 -8.742966876061663E-002
  0.761874530212819     
  2.412027759448977E-002
 -0.112503987318104     
  0.168732469541585     
 -3.455367350487892E-002
  0.149221708687291     
  9.223122251781703E-002
 -0.331084015647677     
  0.175291571366280     
 -2.569142296128799E-002
 -0.505795657205216     
 -0.318203901039160     
  0.421556261601025     
  0.116271558559853     
 -0.264313199597886     
  0.362751571713460     
 -2.045927813934853E-002
 -0.109292663279578     
 -0.243319842274928     
  0.381709818913300     
 -0.341454638349675     
 -0.163509443648372     
 -0.568625445313155     
 -0.319399042186669     
 -4.631152680747409E-002
 -2.376323012736758E-002
 -0.123042936309122     
 -0.472840624656725     
  0.879703281954571     
  0.157131617392736     
  0.154436789513852     
 -0.339816562379549     
  0.279693281565123     
  3.820658639148967E-002
  0.203852710853321     
 -0.882911002755135     
 -0.708977739582446     
 -0.303817956752281     
 -0.499999818006983     
 -0.277703563241178     
 -0.225275178114173     
  9.981547029434540E-002
  0.463611197545586     
 -0.279793418423774     
 -2.622772230537430E-002
  0.273330403176062     
 -0.296214101878052     
 -8.338862502195668E-002
 -3.640949612829453E-002
  0.106039770033875     
 -6.139017731655606E-002
  6.621575178929073E-002
 -0.305805814152099     
 -0.214861770889370     
  5.637707555844175E-003
 -0.392321351746806     
 -0.176607009628674     
 -0.432583294534443     
  5.103639970005909E-002
 -0.233547220215101     
  0.298762108683102     
  0.250652966902033     
  0.156791140597916     
  0.588886090999192     
   1.07229882435231     
  0.322132640578681     
  0.394320774592839     
 -0.608926173031665     
  0.243028170760140     
  0.614419302761258     
 -0.495749073199620     
  0.204399346592116     
  6.976145198623294E-002
 -0.273943480401783     
 -0.686585701276131     
 -4.587495236502688E-002
 -0.209770379856204     
 -0.301181512749708     
  8.090967867748494E-002
 -0.139755019229898     
  0.535811562876219     
 -0.163425897620475     
  1.568876097384749E-002
 -0.741855674997068     
 -0.397735906311661     
  2.570933232679856E-002
 -7.857953934430903E-002
  8.565045729506796E-002
 -5.871673723007888E-002
 -0.379821019157620     
  0.488846423889496     
  0.604650111750277     
 -5.838664569574544E-002
  6.760225898875798E-003
 -0.289974028538476     
  0.220531421168564     
 -0.125668222440331     
 -0.350281358449326     
 -0.352970049586484     
  0.321655602069762     
 -0.317016688473738     
 -0.544895922054600     
 -0.154563816852615     
  0.420711893551817     
 -0.829836406112122     
 -0.370709115325789     
 -0.278164224365026     
  0.478723475166859     
  0.307933185612031     
 -0.628400998505582     
  0.127418940084045     
 -0.117183701485584     
  0.153147633439359     
  5.087537251133994E-002
 -0.514961750469573     
 -1.961844227709184E-002
  0.442532128506409     
 -0.477739159431876     
 -4.223433140671225E-002
 -0.132754856207195     
 -0.315052828081324     
 -0.331034364843813     
 -0.783458664113424     
  0.297676373022714     
  0.657988625955045     
  6.237301198620101E-002
  0.484505203526955     
  0.294539068927419     
  0.398863285674780     
  0.281204755268694     
 -0.152709891200754     
  0.306065812347203     
 -0.393605277264827     
  0.286486387792053     
  3.844919148831680E-002
  0.447850370979350     
 -0.579021076934695     
 -4.680767110785484E-002
 -0.413090378808600     
 -0.224957963300664     
  4.786199239057123E-002
 -7.841674645154717E-002
  0.754194437128142     
  0.265639852959724     
  0.416184804432493     
 -1.996197439865574E-002
  0.167959920009941     
 -0.282001764041889     
  1.717560754449032E-002
  0.532350152930512     
  0.577850875492034     
 -0.957811592455212     
  0.895127073412509     
 -9.898685598355360E-002
  0.126776134714883     
 -0.319311583371151     
 -0.358260782392860     
 -3.840696999475256E-002
  0.256320212254402     
 -0.680547709556718     
  0.260174538584975     
  0.215050458386023     
 -0.622910359009355     
 -0.393296673478659     
 -0.279963585170392     
  0.755549969560682     
  5.185271187993350E-002
  0.140858721932880     
  0.275720982851997     
  1.209782663236019E-002
 -7.471829487042780E-002
  0.226993316914967     
  0.383670168313034     
 -0.173963666383929     
 -0.391725715008500     
  0.200311913704791     
  0.761637165231894     
 -0.740417798548097     
 -0.544872510510821     
 -0.276891299339255     
  0.193703415010210     
  0.190636555723430     
 -0.286989299773151     
 -0.650425462138515     
  4.825552117534999E-002
 -0.411527006348637     
 -1.485538000095171E-002
 -0.108736585117434     
 -7.293457655242112E-002
   1.28460376164014     
 -3.209423982691669E-002
 -7.985853903457003E-002
  0.384137142432829     
  0.860034807521634     
  0.113516126259441     
  0.477927596155877     
  0.328453348262705     
  0.455531361577036     
 -0.345956324535360     
  9.704543229147547E-002
 -0.914989340341401     
  0.219543738159206     
  0.483916473120919     
  0.277579724809632     
  0.739697189652935     
 -0.231127547123409     
  0.965108977574584     
 -0.372324936119366     
  2.465849474991024E-002
 -0.688336369608856     
 -0.498448059615432     
  0.542530797411537     
 -0.291819165679942     
 -0.359711071433259     
 -0.471628678024879     
  0.253226841207946     
 
 -0.459609744589236     
  0.387223187799981     
 -0.241352355816220     
 -0.322079494150334     
  0.130754694461785     
 -0.459327874001093     
  0.685412791577218     
  0.190716829682676     
  0.103366654740645     
  5.709838400183537E-002
 -0.199340882854934     
  0.134199309604101     
 -0.492727772128701     
  0.155941640959484     
 -0.218767693457181     
 -2.963841376497498E-002
  0.745175197716164     
 -3.646451435557596E-003
 -0.305969708676565     
 -0.278710487304741     
 
  6.559008344200528E-003
  3.534549432214781E-002
  2.692023723948289E-002
  9.144809772092680E-002
  2.185747794494228E-002
  6.245208452628861E-003
  2.432628982175251E-002
 -2.078645134745689E-002
 -4.925996797434051E-003
 -7.373546885188852E-003
  3.226060047904269E-002
  2.260409600034654E-002
  9.237922387805717E-003
  6.029691944441262E-003
 -2.829868970072365E-003
 -2.851426953540868E-002
  1.713868595195352E-002
 -3.560013232377462E-002
 -2.597898439873780E-002
 -1.401659975782779E-002
 
  1.325933333333333E-004
 
  tansig  tansig 
