 0.222345445770802685E+01
 0.156308333779574071E+01
 0.754441038029417532E+00
 0.796359511831995714E+00
 0.105636248365230245E+01
 0.570950209743948278E+00
 0.788383065551391926E+00
 0.470502823988746322E+00
 0.772329211464796717E+00
 0.706011401382065196E+00
 0.134807994004383125E+01
 0.785362371276623894E-01
 0.136191428191611386E+01
 0.979668246847675395E+00
 0.147286667709049679E+01
 0.312220604726999262E+01
 0.372145420050234588E+01
 0.185012470220662961E+01
 0.132859077148191318E+01
 0.836069311320833286E+01
 0.586839971157956963E+01
 0.165751397756295091E+02
 0.241203464760517790E+02
 0.310341317943439812E+02
 0.439235576584590515E+01
 0.302969951916915337E+01
 0.244799858819261962E+01
 0.151641492963923374E+01
 0.176650003210412287E+01
 0.974321755001113066E+00
 0.147486547557896319E+01
 0.922974739635146868E+00
 0.141363497138487593E+01
 0.215486756449232042E+00
 0.761526305701841988E+00
 0.337099721262304053E+01
 0.783741537286614109E+00
 0.252835624054600983E+01
 0.173079432016281798E+01
 0.850910930696118673E+00
-0.881788634407718597E-01
 0.395978084112362083E+01
-0.916426356014349852E-01
 0.618890782188073896E+01
-0.610940206143396405E-01
 0.996226576904776628E+01
 0.113887564645919159E+02
 0.171546896838605818E+02
 0.641923597639249444E+01
 0.347180453303719760E+01
 0.252095468486820407E+01
 0.162294608423319087E+01
 0.142834977411759678E+01
 0.558314876952388794E+00
 0.203555107010700148E+00
 0.286535535979979450E+01
 0.883884864275258808E+00
-0.263334321152255690E+00
 0.444260914209753888E+00
 0.131086565197015581E+01
 0.269445083828697696E+00
 0.120359429227189363E+01
 0.335292385026269457E+00
 0.120946990789622721E+01
 0.272872107835972266E+00
 0.147167072035011337E+01
 0.806675037395644723E+00
 0.189244211922381500E+01
 0.208405012441366200E+01
 0.217250752171633854E+01
 0.241498839409374089E+01
 0.892085302835749161E+01
