 0.268745723023897343E+01
 0.346785370979636731E+01
 0.247933658845809735E+01
 0.148983279300687932E+01
 0.127608964262942171E+01
 0.171253317101807134E+01
 0.977893233364220293E+00
 0.175650695818883174E+01
-0.106682985333046806E+00
 0.179336985688038575E+01
 0.851554455503823027E+00
 0.959690945490426994E+00
 0.902758690525107710E+00
 0.922011195948287510E+00
 0.270556514265704762E+00
 0.253461275315420664E+01
 0.311308143447436336E+01
 0.528519412137088973E+00
 0.450085488999899841E+01
 0.605641622038493388E+01
 0.112746092085630387E+02
 0.624357033743488277E+01
 0.911411843455036141E+01
 0.477713683337432400E+02
 0.643631784083244440E+01
 0.573353178952620102E+01
 0.120673987350340828E+01
 0.399750733970677352E+01
 0.228653172212523875E+00
 0.283660780891722730E+01
 0.503023150087887227E+00
 0.239169709599722236E+01
 0.382076835286460359E+00
 0.222542353834319062E+01
 0.752779769157288059E+00
 0.169470327153474898E+01
 0.141821466217692227E+01
-0.886423932014647614E-01
 0.167119125678336045E+01
-0.454838983652096518E+00
 0.189309006494861376E+01
 0.233889014886272317E+01
 0.178481701187498576E+01
 0.467417172846224283E+01
 0.198406547457699811E+01
 0.831543086193178027E+01
 0.130991461220170784E+02
 0.145814162105344902E+02
-0.163733841800362478E+01
 0.946648615428787821E+01
 0.277558638137230540E+01
 0.349352209010203518E+01
 0.786874989594567253E+00
 0.156460467502135936E+01
-0.505857501430637568E+00
 0.111133032879575455E+01
 0.144468702986511877E+00
 0.804309273259493529E+00
 0.246399400447218947E+00
 0.582128353277434840E+00
 0.558321960234286929E+00
 0.177618713180556193E+00
 0.581222379481640017E+00
 0.526575570794575842E+00
 0.489951960994374547E+00
 0.122749650843548674E+01
 0.369746646979077331E+00
 0.164271266224372892E+01
-0.103483962644644834E+01
 0.351283053380538313E+01
 0.983937879101886570E+00
 0.871526190469304041E+01
