0.000000000000000000e+00 0.000000000000000000e+00 0.000000000000000000e+00 0.000000000000000000e+00 0.000000000000000000e+00 0.000000000000000000e+00 0.000000000000000000e+00 0.000000000000000000e+00
1.151015535931683986e-07 2.004430578109187618e-06 2.027694317924128732e-06 1.277785939308524176e-07 1.969400143393786393e-06 1.852999634494369752e-06 1.119237330721808005e-07 1.862518944657570377e-06
4.603307302874660891e-07 7.964186163211448870e-06 8.067883354406645108e-06 5.119776025230852950e-07 7.834934030405423143e-06 7.372951794392761354e-06 4.496299791262454037e-07 7.408843660562613355e-06
1.033131908357370215e-06 1.774086065167382269e-05 1.799360022138943508e-05 1.151217118053273432e-06 1.747610969818397098e-05 1.644715843834024049e-05 1.012896844770582570e-06 1.652217686833530765e-05
1.826555448570643950e-06 3.113808996019684969e-05 3.161378468587644009e-05 2.039541357729187063e-06 3.071434493009454850e-05 2.890724511122950678e-05 1.796128062077292380e-06 2.903035604822076107e-05
2.828703289115743331e-06 4.793257348314407820e-05 4.870571966821215127e-05 3.166044269651498588e-06 4.734179336942241748e-05 4.455659931446987571e-05 2.787959770950429622e-06 4.473495047185123072e-05
4.023829363789842360e-06 6.790783600068786433e-05 6.905141959602325067e-05 4.516100709288664359e-06 6.715385906849093037e-05 6.320124358926717222e-05 3.972738434122959082e-06 6.344346430780622818e-05
5.395194638629070044e-06 9.088454789720813200e-05 9.247096327927883963e-05 6.074248655540659652e-06 8.997921148209680889e-05 8.467833967840480687e-05 5.333827769580685036e-06 8.499873354554453959e-05
6.928979754318548020e-06 1.167422879474964959e-04 1.188470011681838992e-04 7.828023553570544080e-06 1.157019979702733642e-04 1.088773703560950838e-04 6.857903776764057763e-06 1.093005168215166543e-04
8.617983160601207273e-06 1.454295468307311204e-04 1.481369114136195896e-04 9.771519073662948552e-06 1.442728419319776710e-04 1.357508419159986343e-04 8.538869564909625951e-06 1.363161162054802840e-04
1.046375296717353740e-05 1.769609670414324320e-04 1.803715866765421975e-04 1.190738499392640735e-05 1.757075100109124798e-04 1.653134456000138316e-04 1.038001772998440727e-05 1.660789313712950066e-04
1.247627522496616495e-05 2.114028153212405275e-04 2.156419270963779431e-04 1.424643774554089798e-05 2.100741639325443054e-04 1.976305326059475892e-04 1.239360833839387348e-05 1.986757869656100462e-04
1.467118867187684715e-05 2.488491095141659535e-04 2.540755060969783269e-04 1.680486205659557198e-05 2.474716431592241506e-04 2.327980694618031878e-04 1.459791423635013039e-05 2.342252251866879420e-04
1.706537350382681536e-05 2.893917353385279238e-04 2.958065856457856306e-04 1.959981676774555617e-05 2.880019998517177734e-04 2.709169559409145946e-04 1.701265362748207038e-05 2.728497971429619663e-04
1.967230725788661147e-05 3.330883959938394376e-04 3.409429658065210784e-04 2.264478846755308393e-05 3.317408798161374981e-04 3.120648667596145204e-04 1.965423717049140845e-05 3.146458140849081077e-04
2.249858378114200886e-05 3.799324793988964827e-04 3.895334160240457376e-04 2.594605028344641837e-05 3.787093947362532554e-04 3.562689346497106791e-04 2.253221280944206587e-05 3.596542664750046014e-04
2.554246308926355776e-05 4.298290900283377111e-04 4.415396949311678021e-04 2.950110191434290549e-05 4.288511574280148017e-04 4.034826511648829570e-04 2.564773351599263263e-05 4.078367279021910671e-04
2.879451348128788052e-05 4.825812254045795430e-04 4.968173830290029212e-04 3.329920934911593801e-05 4.820179828354332675e-04 4.535704295235082686e-04 2.899407183836204524e-05 4.590600175018747452e-04
3.223966676494895216e-05 5.378893826057458590e-04 5.551094925095139939e-04 3.732345178604629923e-05 5.379672636709507223e-04 5.063029413674899597e-04 3.255849278307852571e-05 5.130929056130025976e-04
3.585963745479384883e-05 5.953664479675508086e-04 6.160557707655118630e-04 4.155330870914444288e-05 5.963730112357293377e-04 5.613654969891008909e-04 3.632449102796868535e-05 5.696169426078564633e-04
3.963480645934648074e-05 6.545675574700773663e-04 6.792185865569631440e-04 4.596691589849180782e-05 6.568507802673470997e-04 6.183800850156404407e-04 4.027356371899638095e-05 6.282516724490626054e-04
4.354520332295783950e-05 7.150320592183466916e-04 7.441235115725927359e-04 5.054257436889432931e-05 7.189944085466537906e-04 6.769394036919375085e-04 4.438623686086552771e-05 6.885919949243447412e-04
4.757087277556458190e-05 7.763322342054280751e-04 8.103097629414733952e-04 5.525969101442868876e-05 7.824201158993662015e-04 7.366488486762387804e-04 4.864266574978560136e-05 7.502530239169338507e-04
5.169235968423634657e-05 8.381217150041947884e-04 8.773832419442312769e-04 6.009971827130240242e-05 8.468115868737276144e-04 7.971703438740087352e-04 5.302350210628941127e-05 8.129158887720995281e-04
5.589204165602055819e-05 9.001759996309265576e-04 9.450636966780508619e-04 6.504767978067105987e-05 9.119589641007087031e-04 8.582611137092837706e-04 5.751165073652212073e-05 8.763671776180897988e-04
6.015658379278249901e-05 9.624184661922845782e-04 1.013218172982419596e-03 7.009447589388409744e-05 9.777851868833392114e-04 9.198009098694657094e-04 6.209505647275493333e-05 9.405254807602683991e-04
6.448011318501631068e-05 1.024927507712509751e-03 1.081875009711173209e-03 7.523956137164474216e-05 1.044355146330646234e-03 9.818031002933101745e-04 6.676999009524912465e-05 1.005450516968621954e-03
6.886708990075288801e-05 1.087923588879200366e-03 1.151215941595351089e-03 8.049307022953527111e-05 1.111865918955181991e-03 1.044407812088882703e-03 7.154376287471636282e-05 1.071333206309621998e-03
7.333363947939781761e-05 1.151738133337588607e-03 1.221547563275371352e-03 8.587630356136417191e-05 1.180619380415485510e-03 1.107858278038647204e-03 7.643567674293174935e-05 1.138468207193763784e-03
7.790642478024413747e-05 1.216768818979532644e-03 1.293256444429502971e-03 9.141983736823695167e-05 1.250981122370002771e-03 1.172464121236731823e-03 8.147541153883771834e-05 1.207212979007799784e-03
8.261888557454266668e-05 1.283427494558618412e-03 1.366754232910662734e-03 9.715921818452610619e-05 1.323331235060258440e-03 1.238556896137685357e-03 8.669882386174775980e-05 1.277939059931973952e-03
8.750557797193253095e-05 1.352087306993928839e-03 1.442419828707734285e-03 1.031290462945511950e-04 1.398013309092294328e-03 1.306443745660793108e-03 9.214201317802883119e-05 1.350981837122597600e-03
9.259601162314803370e-05 1.423035257997631083e-03 1.520545344722326955e-03 1.093568624882305625e-04 1.475287664568525467e-03 1.376364669660255996e-03 9.783510146194695871e-05 1.426594799129241942e-03
9.790957317361989533e-05 1.496435312364984525e-03 1.601291791292202031e-03 1.158583773471352698e-04 1.555294052005883792e-03 1.448458032565717174e-03 1.037972703796081569e-04 1.504913360737321825e-03
1.034527330828336118e-04 1.572305941832142194e-03 1.684659232018095951e-03 1.226351725868631297e-04 1.638027959864997831e-03 1.522737816872777022e-03 1.100341570530129258e-04 1.585932237430055835e-03
1.092189479616962521e-04 1.650514570969666573e-03 1.770475075436285127e-03 1.296752106978845353e-04 1.723333385448171931e-03 1.599085140769799119e-03 1.165379113964598877e-04 1.669499085736081715e-03
1.151908139173623815e-04 1.730789918443597156e-03 1.858402847020085898e-03 1.369556648528931367e-04 1.810913446685675360e-03 1.677255395159096526e-03 1.232894007311692000e-04 1.755325727361322068e-03
1.213434496621848676e-04 1.812751585727922143e-03 1.947972011984879306e-03 1.444469898581076772e-04 1.900358581465021960e-03 1.756901100404001468e-03 1.302615491617846281e-04 1.843016586173766048e-03
1.276479961784971070e-04 1.895954262689738276e-03 2.038627071144094409e-03 1.521170484442150369e-04 1.991190097729285055e-03 1.837608964247779185e-03 1.374227654869689510e-04 1.932111819916602306e-03
1.340744876046265474e-04 1.979941974717706974e-03 2.129791317928068223e-03 1.599344683515091362e-04 2.082914677233421632e-03 1.918947595890100558e-03 1.447398289701655807e-04 2.022140608619881017e-03
1.405939676107410439e-04 2.064305884861612154e-03 2.220937619644559706e-03 1.678710036276453228e-04 2.175083353274824723e-03 2.000520508466531455e-03 1.521801791834331158e-04 2.112678024312402564e-03
1.471802590694367850e-04 2.148738086898646996e-03 2.311656568199853094e-03 1.759032132875992653e-04 2.267347203242966579e-03 2.082017489714483617e-03 1.597140339766411443e-04 2.203397900956285873e-03
1.538119777393971309e-04 2.233073697607521144e-03 2.401711667055179706e-03 1.840140044605868244e-04 2.359501635687287057e-03 2.163256983084428219e-03 1.673168611978267646e-04 2.294114113606190736e-03
1.604751200730728607e-04 2.317314851341857693e-03 2.491072772018665133e-03 1.921944112158892174e-04 2.451512435315720412e-03 2.244212933494204015e-03 1.749723977418235444e-04 2.384804045297091082e-03
1.671659920072869328e-04 2.401632744610433540e-03 2.579922183402211071e-03 2.004454944465803006e-04 2.543519394255062353e-03 2.325021607133806369e-03 1.826758408361079701e-04 2.475610648525064430e-03
1.738936471226370487e-04 2.486347132898464665e-03 2.668632298291502385e-03 2.087797453187822515e-04 2.635816622517571806e-03 2.405966980015229826e-03 1.904362951777597483e-04 2.566822698545083610e-03
1.806807321763169829e-04 2.571886013287094305e-03 2.757718286739788745e-03 2.172210848399723406e-04 2.728812356104127687e-03 2.487446613009251361e-03 1.982773422022725263e-04 2.658836082258696741e-03
1.875618375437496750e-04 2.658731095376484603e-03 2.847772809662657383e-03 2.258027260620745758e-04 2.822974082195306780e-03 2.569922850257046719e-03 2.062349018805273361e-04 2.752101585206757472e-03
1.945791126257153758e-04 2.747356403996304569e-03 2.939392069885846549e-03 2.345627208973650318e-04 2.918766593590440845e-03 2.653866004491658732e-03 2.143522609398569177e-04 2.847066167301293138e-03
2.017757788539108481e-04 2.838167810231919264e-03 3.033102753380579903e-03 2.435378029992882071e-04 3.016591168691658623e-03 2.739696915482729787e-03 2.226730392399525965e-04 2.944115207306724491e-03
2.091889281935576219e-04 2.931450760202733603e-03 3.129298594344093448e-03 2.527567888491907529e-04 3.116733383987627722e-03 2.827735711834566176e-03 2.312335714787455785e-04 3.043522494593810680e-03
2.168432899645923869e-04 3.027332091250220687e-03 3.228193376413344366e-03 2.622350844147572878e-04 3.219325544755434216e-03 2.918162451824794345e-03 2.400564264551130239e-04 3.145413407004005700e-03
2.247473776934839321e-04 3.125760042962326835e-03 3.329795085149414840e-03 2.719716066489540280e-04 3.324327711587406371e-03 3.010993713007386208e-03 2.491464709386669182e-04 3.249745222115195658e-03
2.328927261709732124e-04 3.226504622395816139e-03 3.433903692543109100e-03 2.819487467038044926e-04 3.431529181676803378e-03 3.106077502694454262e-03 2.584901403606585887e-04 3.356306541863340095e-03
2.412560123116360810e-04 3.329178434697467603e-03 3.540132873570032805e-03 2.921351566087296270e-04 3.540570272607531429e-03 3.203107339896367738e-03 2.680576695416113744e-04 3.464736235826157591e-03
2.498031205994335363e-04 3.433276206091479682e-03 3.647953748479656512e-03 3.024904218792003963e-04 3.650982119028033188e-03 3.301654538402181132e-03 2.778073515946636262e-04 3.574560331098021026e-03
2.584939211899561231e-04 3.538229219216858581e-03 3.756756423191422861e-03 3.129703842725770090e-04 3.762240491000021485e-03 3.401215799205412321e-03 2.876906458192466645e-04 3.685243376997712067e-03
2.672867181383821369e-04 3.643468875469054423e-03 3.865922791834392695e-03 3.235320217634386720e-04 3.873827684748872447e-03 3.501271491427530424e-03 2.976571569373014244e-04 3.796249201454751122e-03
2.761418486825454482e-04 3.748492162537357675e-03 3.974902210955326767e-03 3.341372851770239524e-04 3.985295189729691837e-03 3.601347925390798680e-03 3.076589780144674139e-04 3.907104106726004555e-03
2.850244937888344069e-04 3.852920944615756405e-03 4.083280487744000466e-03 3.447558613425061379e-04 4.096319188147898478e-03 3.701075930717680727e-03 3.176544334208798118e-04 4.017454757457100678e-03
2.939071155990610751e-04 3.956547183774187203e-03 4.190832911005747639e-03 3.553672168491781957e-04 4.206741355333381595e-03 3.800237754961870509e-03 3.276114864211584024e-04 4.127113045139159733e-03
3.027719031239715138e-04 4.059357800397066750e-03 4.297553816228003552e-03 3.659623066602028774e-04 4.316589182953544691e-03 3.898795570120898880e-03 3.375109712755770147e-04 4.236081538751595467e-03
3.116132225693694826e-04 4.161535531814082416e-03 4.403658381620839495e-03 3.765450163975310048e-04 4.426072852983023269e-03 3.996897283525795846e-03 3.473494284551311806e-04 4.344555612020885305e-03
3.204395587767335418e-04 4.263435547657692948e-03 4.509556377556916788e-03 3.871330055256371936e-04 4.535559177824089426e-03 4.094858841472168685e-03 3.571408725271470901e-04 4.452901563385554783e-03
3.292740914905085883e-04 4.365541181433930072e-03 4.615801673440285413e-03 3.977572647410248857e-04 4.645526443433852654e-03 4.193125591300517901e-03 3.669166041952446797e-04 4.561613650182484193e-03
3.381530913379582467e-04 4.468404998134173876e-03 4.723024772364059140e-03 4.084597406451284662e-04 4.756506580603455693e-03 4.292218349741361294e-03 3.767223767770049025e-04 4.671255797125405639e-03
3.471217576421590113e-04 4.572583221370655170e-03 4.831857476521428385e-03 4.192887807043592613e-04 4.869022578875421316e-03 4.392671605120360839e-03 3.866127967825374006e-04 4.782395737867790354e-03
3.562279054420397343e-04 4.678571860484087054e-03 4.942859311063195135e-03 4.302928157922088844e-04 4.983528999747007492e-03 4.494971906421132112e-03 3.966436386936603143e-04 4.895539960112937905e-03
3.655146271536363124e-04 4.786752098772525769e-03 5.056454176551629376e-03 4.415133857928584199e-04 5.100362521857283726e-03 4.599503637092513739e-03 4.068634596863561839e-04 5.011077283873963464e-03
3.750134890479978403e-04 4.897350642854905560e-03 5.172883784626968948e-03 4.529789556091934322e-04 5.219707488590901757e-03 4.706508021235478526e-03 4.173062198892766466e-04 5.129237201580097265e-03
3.847397583987400660e-04 5.010418662467796755e-03 5.292182122036134112e-03 4.647009309568796934e-04 5.341579336138368821e-03 4.816059032747988487e-03 4.279864225949459532e-04 5.250067283325110523e-03
3.946906021766380932e-04 5.125830613765449545e-03 5.414172873147855315e-03 4.766727270169981230e-04 5.465826808498073196e-03 4.928057978289559181e-03 4.388976338828364616e-04 5.373431530756696967e-03
4.048463395080396758e-04 5.243302346022139793e-03 5.538489622634678797e-03 4.888719154226162794e-04 5.592152054567730950e-03 5.042246766198387950e-03 4.500143580901949658e-04 5.499029579217291214e-03
4.151740820094744402e-04 5.362426242562462302e-03 5.664616836925262522e-03 5.012647163662954566e-04 5.720146137048205855e-03 5.158238282881885337e-03 4.612964859792297685e-04 5.626434643444657401e-03
4.256325952557063323e-04 5.482719632723375910e-03 5.791947894304026213e-03 5.138115971975293610e-04 5.849336294544319609e-03 5.275560828060605646e-03 4.726950987350657775e-04 5.755146106126987453e-03
4.361772545746493332e-04 5.603681445152608465e-03 5.919854322884856440e-03 5.264727468972669588e-04 5.979240133267151036e-03 5.393712175857588199e-03 4.841584632052743707e-04 5.884650943919514550e-03
4.467643325681677140e-04 5.724850953718121915e-03 6.047758910481488247e-03 5.392125308517421896e-04 6.109421022110540257e-03 5.512217389340700983e-03 4.956374402654397174e-04 6.014486743705835074e-03
4.573544704392003843e-04 5.845862031514660086e-03 6.175204112324537802e-03 5.520026475785765963e-04 6.239538352299585540e-03 5.630683649381614496e-03 5.070900282291185583e-04 6.144298410261627916e-03
4.679155685602257096e-04 5.966486192785401370e-03 6.301906791525175612e-03 5.648241825316926805e-04 6.369386489802938978e-03 5.748845104078239773e-03 5.184851455826477778e-04 6.273880971236656980e-03
4.784254761210718636e-04 6.086658890934823311e-03 6.427791899492225902e-03 5.776689471588739412e-04 6.498917412598474372e-03 5.866591593232801417e-03 5.298057783797375641e-04 6.403202638180877267e-03
4.888745848038582613e-04 6.206485405097695272e-03 6.553000085243706856e-03 5.905404092254282504e-04 6.628243877407425169e-03 5.983977291574951382e-03 5.410514125694868958e-04 6.532404992187118391e-03
4.992679589604488797e-04 6.326225521133136201e-03 6.677868060753175926e-03 6.034541023058257164e-04 6.757622682602631992e-03 6.101208053930010956e-03 5.522392815167321764e-04 6.661780590257391534e-03
5.096262516474373743e-04 6.446258997736042939e-03 6.802884589541411710e-03 6.164370855429937568e-04 6.887420393681445083e-03 6.218609550275276676e-03 5.634037287662117376e-04 6.791731538309381082e-03
5.199845569330148161e-04 6.567036485913792764e-03 6.928628368922526252e-03 6.295258839121397991e-04 7.018066276106916732e-03 6.336580875487675055e-03 5.745930643396546765e-04 6.922715509882978145e-03
5.303886830048510454e-04 6.689022423534209637e-03 7.055696354653391046e-03 6.427625674876183762e-04 7.149998828178158287e-03 6.455540265394858063e-03 5.858637630804488161e-04 7.055186712944709095e-03
5.408890417157033925e-04 6.812636962891392874e-03 7.184631929847157088e-03 6.561891743944850202e-04 7.283612645842116838e-03 6.575870203808373976e-03 5.972725737067387285e-04 7.189539684810467880e-03
5.515330836800345742e-04 6.938203693837310081e-03 7.315861524516634011e-03 6.698412823618090772e-04 7.419211664185578273e-03 6.697868498815969483e-03 6.088678147637704725e-04 7.326062414405254408e-03
5.623577665187159957e-04 7.065908622687128507e-03 7.449646496009591778e-03 6.837419931105264033e-04 7.556973598624073737e-03 6.821710499045032655e-03 6.206815196006368112e-04 7.464903439570826083e-03
5.733836490365311258e-04 7.195774301264846670e-03 7.586054977066909212e-03 6.978976755302186263e-04 7.696928659150424797e-03 6.947425888997699368e-03 6.327240245674335727e-04 7.606055618566410353e-03
5.846117770620690591e-04 7.327651475381440072e-03 7.724955855474577825e-03 7.122964383642073046e-04 7.838953991174820238e-03 7.074891668729625313e-03 6.449820420245125580e-04 7.749357112023286601e-03
5.960237991650420807e-04 7.461228875149043815e-03 7.866034976654161237e-03 7.269096062929333683e-04 7.982784009414068196e-03 7.203841465696188967e-03 6.574204104885691654e-04 7.894508796111325902e-03
6.075848979926781442e-04 7.596060472159969941e-03 8.008831728242619963e-03 7.416957214280706090e-04 8.128035399955836279e-03 7.333890096401116283e-03 6.699868951777058525e-04 8.041105814294192619e-03
6.192485907412963522e-04 7.731607901231926476e-03 8.152792166872795815e-03 7.566060352454629604e-04 8.274244744357972872e-03 7.464571152696788947e-03 6.826188609759441467e-04 8.188680071688320475e-03
6.309622410170723965e-04 7.867294094728060835e-03 8.297333074579566967e-03 7.715902760091293468e-04 8.420915334792699811e-03 7.595384269153389843e-03 6.952505184369961455e-04 8.336749309619188864e-03
6.426723721632141484e-04 8.002562796358940120e-03 8.441909625621333430e-03 7.866016980839685060e-04 8.567568618585754900e-03 7.725847475007967084e-03 7.078197212978236006e-04 8.484867646810743957e-03
6.543293170163288130e-04 8.136937355698965410e-03 8.586078398193152522e-03 8.016009122261477790e-04 8.713794686734123093e-03 7.855548856023610027e-03 7.202737252384811472e-04 8.632671982040469524e-03
6.658911930499385005e-04 8.270071821783946814e-03 8.729547557546575576e-03 8.165584760635087071e-04 8.859295625560809420e-03 7.984191289594657140e-03 7.325737662511623820e-04 8.779918814199145008e-03
6.773273561213560660e-04 8.401787627868100364e-03 8.872207344505644508e-03 8.314565356466304064e-04 9.003916249936473257e-03 8.111624332356758005e-03 7.446984762264245239e-04 8.926506948369709871e-03
6.886214033843075571e-04 8.532090900688718907e-03 9.014136968947010151e-03 8.462898177276512862e-04 9.147657903983615404e-03 8.237858700200465997e-03 7.566460487916136859e-04 9.072483207349322717e-03
6.997734502362506223e-04 8.661167811396626101e-03 9.155587485066079070e-03 8.610660224501301462e-04 9.290673591882785132e-03 8.363061050800490309e-03 7.684348760654029697e-04 9.218030644879183361e-03
7.108010781272387823e-04 8.789358427201575050e-03 9.296943829168305418e-03 8.758053679006089654e-04 9.433245144895189421e-03 8.487530001994739517e-03 7.801021635543272737e-04 9.363441164173542941e-03
7.217382466778913099e-04 8.917112649188419643e-03 9.438672171307017564e-03 8.905388688252888034e-04 9.575745851221320951e-03 8.611656814905412766e-03 7.917001152100600243e-04 9.509076538844250456e-03
7.326316819976004015e-04 9.044934001638502835e-03 9.581260315344022893e-03 9.053050165336337489e-04 9.718593612369048895e-03 8.735876357729741720e-03 8.032896761506406851e-04 9.655323060564545076e-03
7.435348508810638631e-04 9.173318516622225652e-03 9.725159104464890444e-03 9.201449200997319916e-04 9.862200685320612545e-03 8.860614990310270583e-03 8.149324009397125113e-04 9.802545683729717990e-03
7.545002947531868811e-04 9.302696132229287471e-03 9.870731748700690630e-03 9.350964843588283884e-04 1.000692589253838333e-02 8.986241675253360886e-03 8.266816722863935558e-04 9.951046832417948657e-03
7.655716658266575273e-04 9.433381241534921635e-03 1.001821631934074995e-02 9.501886512318065761e-04 1.015303425362163066e-02 9.113027637035253647e-03 8.385748289824976895e-04 1.010103407405197641e-02
7.767770412966220261e-04 9.565537702424315586e-03 1.016770438716226022e-02 9.654368936686015404e-04 1.030066792025315960e-02 9.241118378923987228e-03 8.506277455547782461e-04 1.025259944098180255e-02
7.881248129047857673e-04 9.699161912422650869e-03 1.031913668431554826e-02 9.808409479922400136e-04 1.044983083039950286e-02 9.370520312895893461e-03 8.628328808555806506e-04 1.040571179326655812e-02
7.996028351092363809e-04 9.834085510850477593e-03 1.047231505226025108e-02 9.963852347471666062e-04 1.060038826098372126e-02 9.501102914740192432e-03 8.751610587838195600e-04 1.056022271176090821e-02
8.111807278533296863e-04 9.969997438771112733e-03 1.062692847864071463e-02 1.012041746667179890e-03 1.075208133007687049e-02 9.632616089229720929e-03 8.875664168719379086e-04 1.071588510311146866e-02
8.228145477201661510e-04 1.010648296201441948e-02 1.078259015774219592e-02 1.027774612718172602e-03 1.090455495685381700e-02 9.764721198970956542e-03 8.999933720762667974e-04 1.087238290900144864e-02
8.344527109059234971e-04 1.024307555505656747e-02 1.093888158824069153e-02 1.043545269557848154e-03 1.105739671065171861e-02 9.897033021056661148e-03 9.123842425936430070e-04 1.102936898586712351e-02
8.460420818833776571e-04 1.037931589462827431e-02 1.109539922107092604e-02 1.059317234255196779e-03 1.121018243517120719e-02 1.002916861266545112e-02 9.246863718653947897e-04 1.118650702150630373e-02
8.575335017962827525e-04 1.051481122882346776e-02 1.125179859865105790e-02 1.075059849688890382e-03 1.136252355604124541e-02 1.016079754165297167e-02 9.368580069678986372e-04 1.134351264659069422e-02
8.688864508695741265e-04 1.064928776381065395e-02 1.140783106488465516e-02 1.090750830595165052e-03 1.151411039304000607e-02 1.029168710059618491e-02 9.488726451704111459e-04 1.150018835879505069e-02
8.800728635565053561e-04 1.078262926967930163e-02 1.156336886615875505e-02 1.106377797285382865e-03 1.166474617196383221e-02 1.042173624039981553e-02 9.607218423987112180e-04 1.165644758702313703e-02
8.910801390629158455e-04 1.091489664465819520e-02 1.171841579489621248e-02 1.121939117369651073e-03 1.181436759689682633e-02 1.055099290019877699e-02 9.724165399918045620e-04 1.181232467935645902e-02
9.019132344293282269e-04 1.104632559722000355e-02 1.187310249731845027e-02 1.137444232394433383e-03 1.196304965042016034e-02 1.067965187591924173e-02 9.839868185008433365e-04 1.196796972092545666e-02
9.125954010841813699e-04 1.117730256666497023e-02 1.202766757322853118e-02 1.152913380905470561e-03 1.211099447806157289e-02 1.080803344074969356e-02 9.954798696309762399e-04 1.212362947117707861e-02
9.231670304799540839e-04 1.130832216267937777e-02 1.218242750299182615e-02 1.168376414387720802e-03 1.225850630397222994e-02 1.093654577052982982e-02 1.006955929824046234e-03 1.227961762487341131e-02
9.336821612611988621e-04 1.143993169906558534e-02 1.233773954371845429e-02 1.183870370816145429e-03 1.240595599134528687e-02 1.106563672750969160e-02 1.018482217901475967e-03 1.243627858137984210e-02
9.442026339213805547e-04 1.157267006170429810e-02 1.249396221525939273e-02 1.199435694025153534e-03 1.255373974689339561e-02 1.119574173984017040e-02 1.030125323057925471e-03 1.259394951084076390e-02
9.547905201402617651e-04 1.170700836721138768e-02 1.265141773155691735e-02 1.215111382837612579e-03 1.270223674243018720e-02 1.132723442978056903e-02 1.041943014404780573e-03 1.275292485693520564e-02
9.655000146759140167e-04 1.184329929844583733e-02 1.281035979335336597e-02 1.230929799577895611e-03 1.285177013480465896e-02 1.146038566617579857e-02 1.053976790941979534e-03 1.291342657087359187e-02
9.763702669570898480e-04 1.198174033357047967e-02 1.297094914161129112e-02 1.246912122962797040e-03 1.300257514307787306e-02 1.159533518794315064e-02 1.066246543175211918e-03 1.307558235206756139e-02
9.874205221321844146e-04 1.212235453176140933e-02 1.313323856322738681e-02 1.263065368401056036e-03 1.315477688767228287e-02 1.173207811187979704e-02 1.078748298978557223e-03 1.323941346454760720e-02
9.986484036551661336e-04 1.226499027005651526e-02 1.329716820679820860e-02 1.279381572898533742e-03 1.330837977491414886e-02 1.187046725627390921e-02 1.091455419054799614e-03 1.340483287640652742e-02
1.010031440058767847e-03 1.240933968881089561e-02 1.346257180486952476e-02 1.295839212378955153e-03 1.346326931033592009e-02 1.201023064907808142e-02 1.104322860849915253e-03 1.357165393830880341e-02
1.021531249086511401e-03 1.255497385299209241e-02 1.362919351204028469e-02 1.312406391246520110e-03 1.361922614009654711e-02 1.215100252749416049e-02 1.117293589306723534e-03 1.373960911661908577e-02
1.033099339480324707e-03 1.270139116847140634e-02 1.379671421004061670e-02 1.329045013394885297e-03 1.377595139182287605e-02 1.229236477107753696e-02 1.130305917338365928e-03 1.390837736315608288e-02
1.044683459010745889e-03 1.284807416265098569e-02 1.396478473976015336e-02 1.345715110652394297e-03 1.393310099045890968e-02 1.243389460954285632e-02 1.143300672724345502e-03 1.407761739731550749e-02
1.056233611040570310e-03 1.299454828851363125e-02 1.413306216132092195e-02 1.362378718944778086e-03 1.409032542772538539e-02 1.257521313872211367e-02 1.156227437552316984e-03 1.424700348651319892e-02
1.067707273287960175e-03 1.314043595288552288e-02 1.430124450291535808e-02 1.379003003791705838e-03 1.424731039883436051e-02 1.271602860515480028e-02 1.169049456664455946e-03 1.441625937364145703e-02
1.079073658501404501e-03 1.328549875220105640e-02 1.446909908738467851e-02 1.395562648517620396e-03 1.440381328736818796e-02 1.285616872569080200e-02 1.181747095677836232e-03 1.458518615085116141e-02
1.090316946117204358e-03 1.342966222841424431e-02 1.463648103005627324e-02 1.412041641718942689e-03 1.455969064649365215e-02 1.299559764504448246e-02 1.194319840334407638e-03 1.475368051768591489e-02
1.101438363313261143e-03 1.357301978571925048e-02 1.480333965496891807e-02 1.428434521896240761e-03 1.471491318194359001e-02 1.313441519277490713e-02 1.206786672061447565e-03 1.492174143479734448e-02
1.112456776668088081e-03 1.371581514239052571e-02 1.496971317279116066e-02 1.444746941207238023e-03 1.486956643983924041e-02 1.327283878687976655e-02 1.219184582931473818e-03 1.508946455485712067e-02
1.123407380919863672e-03 1.385840596498820985e-02 1.513571362603608958e-02 1.460995275682128473e-03 1.502383769762631084e-02 1.341117099593762234e-02 1.231564974873376132e-03 1.525702555392853543e-02
1.134338189099541724e-03 1.400121371273200903e-02 1.530150508605972702e-02 1.477204925058594586e-03 1.517799100129619237e-02 1.354975766839116615e-02 1.243987920227696562e-03 1.542465485302433464e-02
1.145304386545015598e-03 1.414466653629037514e-02 1.546727879720916944e-02 1.493407195728826140e-03 1.533233412399889924e-02 1.368894251574408541e-02 1.256514714833911923e-03 1.559260681745183209e-02
1.156361146623799754e-03 1.428914262001977284e-02 1.563322796870182316e-02 1.509634971767360523e-03 1.548718154497081244e-02 1.382902395992818140e-02 1.269199641754786183e-03 1.576112704899643516e-02
1.167556000152352022e-03 1.443492082964643354e-02 1.579952462478732139e-02 1.525917813400319220e-03 1.564281765331920065e-02 1.397021906958957616e-02 1.282082266463014340e-03 1.593042101120747261e-02
1.178922115058419389e-03 1.458214424751031434e-02 1.596629975263749029e-02 1.542277363246338925e-03 1.579946415364735790e-02 1.411263805871115946e-02 1.295181637857069530e-03 1.610062706017426765e-02
1.190473712853125973e-03 1.473080035610602884e-02 1.613362801920941933e-02 1.558723967754074282e-03 1.595725480961962192e-02 1.425627122223059595e-02 1.308493471685688971e-03 1.627179653985549174e-02
1.202204450709432569e-03 1.488071993050936286e-02 1.630151785400158967e-02 1.575255168561364534e-03 1.611621989531708890e-02 1.440098903505977745e-02 1.321990810511925688e-03 1.644388312110183978e-02
1.214088882466291333e-03 1.503159446818728463e-02 1.646990799343586026e-02 1.591856307548554115e-03 1.627628200317516455e-02 1.454655506697679138e-02 1.335627912363843151e-03 1.661674300182589339e-02
1.226086511819708940e-03 1.518301032912349260e-02 1.663867094361633561e-02 1.608502935623886678e-03 1.643726396935154405e-02 1.469265062316048830e-02 1.349346531359003204e-03 1.679014666829032471e-02
1.238147461483481843e-03 1.533449584693232122e-02 1.680762348832310835e-02 1.625164441217987399e-03 1.659890833259779555e-02 1.483890898476582405e-02 1.363083411477006724e-03 1.696380162704948236e-02
1.250218693768482972e-03 1.548557600246417559e-02 1.697654339756304864e-02 1.641808102602218197e-03 1.676090649480575095e-02 1.498495623979237759e-02 1.376777842066438532e-03 1.713738399634084572e-02
1.262249836791334802e-03 1.563582800708176318e-02 1.714519044661734493e-02 1.658402881033993600e-03 1.692293435311325103e-02 1.513045434186534484e-02 1.390378376693879488e-03 1.731057542942242289e-02
1.274198066717959323e-03 1.578493059953245056e-02 1.731332922714725817e-02 1.674922521624602799e-03 1.708469007276186558e-02 1.527514128243732255e-02 1.403848163311078277e-03 1.748310058453419677e-02
1.286031835553895801e-03 1.593270063327818092e-02 1.748075096130370654e-02 1.691347819432886942e-03 1.724592924228718349e-02 1.541886283728460989e-02 1.417168645501094967e-03 1.765476007386518678e-02
1.297733424519989607e-03 1.607911188937393918e-02 1.764729194610874241e-02 1.707668079676622581e-03 1.740649282672181858e-02 1.556159126889413401e-02 1.430341518646339972e-03 1.782545410540731581e-02
1.309300379213835467e-03 1.622429390904246010e-02 1.781284703324086810e-02 1.723881900393900522e-03 1.756632449819639508e-02 1.570342798508147023e-02 1.443388849419351356e-03 1.799519375839422897e-02
1.320745752779212351e-03 1.636851138596382566e-02 1.797737752281066900e-02 1.739997300162969855e-03 1.772547544318854237e-02 1.584458979071790702e-02 1.456351193660800113e-03 1.816409853372181679e-02
1.332096967950865789e-03 1.651212763662350883e-02 1.814091358647279550e-02 1.756031135576008014e-03 1.788409654627440629e-02 1.598538103897608961e-02 1.469283648654200712e-03 1.833238108000151065e-02
1.343393084876593835e-03 1.665555764643246103e-02 1.830355156785387974e-02 1.772007659527353226e-03 1.804241919156852891e-02 1.612615610483640258e-02 1.482249930976118615e-03 1.850032141128412841e-02
1.354680508032123564e-03 1.679921724495715349e-02 1.846544665215605133e-02 1.787956172073699957e-03 1.820072753007205557e-02 1.626727795495385917e-02 1.495314977716812000e-03 1.866823438237986618e-02
1.366007423591663076e-03 1.694347472979636920e-02 1.862680127397919883e-02 1.803907852704360456e-03 1.835932565833962166e-02 1.640907811963684265e-02 1.508536958925461163e-03 1.883643413328428204e-02
1.377417712868352810e-03 1.708861037423156301e-02 1.878784920479886766e-02 1.819892145891666190e-03 1.851850359429201356e-02 1.655182296308680551e-02 1.521959890865073797e-03 1.900519943673750767e-02
1.388945293159742729e-03 1.723478788565221270e-02 1.894883596803976014e-02 1.835933252430406535e-03 1.867850572045936727e-02 1.669568937204458231e-02 1.535608050104600528e-03 1.917474319868387594e-02
1.400609864682504776e-03 1.738203989507292740e-02 1.910999663856316824e-02 1.852047360884134537e-03 1.883950495747847148e-02 1.684075171710244095e-02 1.549483159811152963e-03 1.934518906367718380e-02
1.412414793132977988e-03 1.753026844335583284e-02 1.927153318458255105e-02 1.868241090574636418e-03 1.900158515789740835e-02 1.698698050319712854e-02 1.563564732445416961e-03 1.951655747859318626e-02
1.424347390450159904e-03 1.767925944742272312e-02 1.943359400076861976e-02 1.884511413184391171e-03 1.916473362957309481e-02 1.713425230995653872e-02 1.577813370339428787e-03 1.968876316574038471e-02
1.436381348358946536e-03 1.782870936704142664e-02 1.959625891127207697e-02 1.900846923857985211e-03 1.932884424462875256e-02 1.728236987925840101e-02 1.592176284603811056e-03 1.986162477967165149e-02
1.448480708975943311e-03 1.797826096715531008e-02 1.975953213757131524e-02 1.917230117095592356e-03 1.949373099705981396e-02 1.743109034521879430e-02 1.606594006846380485e-03 2.003488645664852977e-02
1.460604578159952101e-03 1.812754421626029677e-02 1.992334471602391632e-02 1.933640147543896513e-03 1.965915018707545259e-02 1.758015862406639082e-02 1.621007287431170708e-03 2.020824897455122601e-02
1.472711895630102229e-03 1.827621765391959988e-02 2.008756638129721717e-02 1.950055605505925582e-03 1.982482889957192657e-02 1.772934225886572263e-02 1.635363344579519353e-03 2.038140707679648306e-02
1.484765782171779038e-03 1.842400549709927865e-02 2.025202510288990135e-02 1.966456987941669118e-03 1.999049608140534423e-02 1.787846316237510363e-02 1.649621023919724478e-03 2.055408803506546256e-02
1.496737256146705346e-03 1.857072584060524834e-02 2.041653146872360325e-02 1.982828709267601096e-03 2.015591262855929988e-02 1.802742198318532663e-02 1.663754620588731806e-03 2.072608612167049780e-02
1.508608238806302682e-03 1.871630678146016594e-02 2.058090456316566050e-02 1.999160656092884274e-03 2.032089682084146573e-02 1.817621172552668155e-02 1.677756245068041246e-03 2.089728860060469096e-02
1.520373744218447929e-03 1.886078862339223006e-02 2.074499583450524834e-02 2.015449314553077482e-03 2.048534223733884316e-02 1.832491892294557320e-02 1.691636613793688019e-03 2.106768988472128637e-02
1.532043053019863099e-03 1.900431253622926128e-02 2.090870810500973162e-02 2.031698422498513356e-03 2.064922655624351275e-02 1.847371283353033827e-02 1.705424072496015140e-03 2.123739264887123876e-02
1.543639530580167120e-03 1.914709748024241709e-02 2.107200771347719423e-02 2.047919027464639979e-03 2.081261073088130908e-02 1.862282487404593942e-02 1.719161712219112762e-03 2.140659635482660902e-02
1.555198788109592818e-03 1.928940883036374745e-02 2.123492876835270105e-02 2.064128757216343590e-03 2.097562918754004857e-02 1.877252179146325986e-02 1.732902550784738271e-03 2.157557527581713958e-02
1.566765049568388368e-03 1.943152233941888504e-02 2.139756896678206982e-02 2.080350197239552723e-03 2.113847273774987004e-02 1.892307644481309309e-02 1.746703184283300049e-03 2.174464894495139328e-02
1.578386018780409067e-03 1.957368750787615713e-02 2.156007726740651054e-02 2.096608420238595463e-03 2.130136600057215210e-02 1.907473948480526912e-02 1.760616622255274221e-03 2.191414818148212929e-02
1.590106859065373510e-03 1.971609441156456366e-02 2.172263474671938532e-02 2.112927942707021941e-03 2.146454173618998068e-02 1.922771457466095069e-02 1.774685364082582029e-03 2.208437999426150766e-02
1.601964291938356294e-03 1.985884746303838433e-02 2.188543034498984657e-02 2.129329540165171390e-03 2.162821439697660761e-02 1.938213847425228689e-02 1.788935867278336131e-03 2.225559446463505273e-02
1.613981797604492011e-03 2.000194910472237811e-02 2.204863461300909933e-02 2.145827548687412236e-03 2.179255515201043020e-02 1.953806704339296207e-02 1.803375319724399807e-03 2.242795675578939177e-02
1.626166729359241258e-03 2.014529561718068906e-02 2.221237496322375077e-02 2.162428059647126741e-03 2.195767094664488259e-02 1.969546781953367132e-02 1.817991207107483645e-03 2.260152699734821469e-02
1.638509738697243581e-03 2.028868584694728389e-02 2.237671613653488892e-02 2.179128371997833373e-03 2.212358995319726324e-02 1.985421982962104828e-02 1.832753574862612273e-03 2.277625073554730845e-02
1.650986421071217727e-03 2.043184220133993645e-02 2.254164921242056766e-02 2.195917673682769647e-03 2.229025555911197387e-02 2.001412124846710036e-02 1.847619407151937163e-03 2.295196161240191032e-02
1.663560696562739688e-03 2.057444178848198690e-02 2.270709119091630576e-02 2.212778745485944124e-03 2.245753021878381731e-02 2.017490526159447170e-02 1.862538226527509161e-03 2.312839658384957531e-02
1.676189251542088178e-03 2.071615398234206637e-02 2.287289545078783834e-02 2.229690300150243085e-03 2.262520927604307064e-02 2.033626340597636389e-02 1.877458048846382052e-03 2.330522242790077081e-02
1.688826364538005510e-03 2.085667964632972535e-02 2.303887147090970602e-02 2.246629530895877160e-03 2.279304344263000104e-02 2.049787465898493533e-02 1.892330951531592462e-03 2.348207055867758408e-02
1.701428603811759544e-03 2.099578671253275394e-02 2.320481069361532769e-02 2.263574534815229831e-03 2.296076705160875892e-02 2.065943746273666767e-02 1.907117834168221967e-03 2.365857576965298137e-02
1.713959072096126737e-03 2.113333730325950635e-02 2.337051424598381166e-02 2.280506371669243845e-03 2.312812823579666124e-02 2.082070098069981057e-02 1.921792133511002892e-03 2.383441415624452941e-02
1.726391013316624359e-03 2.126930278224999082e-02 2.353581830259096272e-02 2.297410663476953663e-03 2.329491665499308292e-02 2.098149161053133871e-02 1.936342363477213356e-03 2.400933590990679198e-02
1.738710598784528553e-03 2.140376489346986627e-02 2.370061346565192212e-02 2.314278691337356628e-03 2.346098525228140774e-02 2.114173158474999883e-02 1.950773317225940658e-03 2.418318924702455089e-02
1.750918629706554874e-03 2.153690324327388675e-02 2.386485614360545071e-02 2.331107971270012999e-03 2.362626334373865711e-02 2.130144699141571854e-02 1.965105705265615416e-03 2.435593333322653292e-02
1.763030899839596348e-03 2.166897143417288729e-02 2.402857129672754041e-02 2.347902300796217596e-03 2.379075988555475960e-02 2.146076426519149052e-02 1.979374045566488407e-03 2.452763908707005641e-02
1.775076920628539980e-03 2.180026528262573454e-02 2.419184726686507761e-02 2.364671249189557057e-03 2.395455751719019824e-02 2.161989550938026028e-02 1.993622753027865773e-03 2.469847820680532227e-02
1.787096949745830329e-03 2.193108761474601293e-02 2.435482417939308780e-02 2.381429116244411677e-03 2.411779871238537223e-02 2.177911417592258772e-02 2.007900762136477155e-03 2.486870158572194317e-02
1.799137520998486022e-03 2.206171402371278831e-02 2.451767768488946966e-02 2.398193448706608180e-03 2.428066623847044761e-02 2.193872373363976377e-02 2.022255353918844898e-03 2.503860937415139029e-02
1.811246049646680510e-03 2.219236384755288866e-02 2.468059978519099654e-02 2.414983280182665584e-03 2.444336051954696526e-02 2.209902238705040850e-02 2.036726131538999299e-03 2.520851554781501636e-02
1.823465275856920014e-03 2.232317971562957151e-02 2.484377825540460757e-02 2.431817327718389064e-03 2.460607638699916638e-02 2.226026766126681933e-02 2.051340197908078835e-03 2.537871054233812457e-02
1.835828411244861801e-03 2.245421771637617567e-02 2.500737654653715364e-02 2.448712360990108056e-03 2.476898159066779140e-02 2.242264450416460095e-02 2.066109341938158345e-03 2.554942578442529963e-02
1.848355678306996385e-03 2.258544883759114677e-02 2.517151612881519257e-02 2.465681944777738631e-03 2.493219935797489489e-02 2.258624084133909610e-02 2.081029617854108886e-03 2.572080398353725900e-02
1.861052657914713136e-03 2.271677093405895936e-02 2.533626328825391502e-02 2.482735596815326563e-03 2.509579668952327883e-02 2.275103378667367102e-02 2.096083190707248058e-03 2.589287907433449401e-02
1.873910454760378558e-03 2.284802933108873516e-02 2.550162225668276342e-02 2.499878354679331560e-03 2.525977950633247551e-02 2.291688890787389743e-02 2.111241853033943208e-03 2.606556836542314043e-02
