Energy: -21.588348
Force
[[  90.02817      2.0374122   35.38906  ]
 [ -98.410095    -1.6865387  -30.06633  ]
 [  48.292458    31.675812   -43.39067  ]
 [  59.717552   -35.94301     50.599712 ]
 [ -24.637762   218.36102    168.47188  ]
 [  43.258327    81.24294    -87.228806 ]
 [ -67.66766    -17.780457    -5.6038437]
 [ -22.928253  -302.9626    -123.14815  ]
 [ 306.24695    -21.338417  -156.95506  ]
 [  -4.7155724   13.66404    -23.222305 ]
 [-258.61304    -26.577972    85.58957  ]
 [ -10.179541   106.211655    64.84683  ]
 [-210.20589    -52.106903    58.03964  ]
 [ 118.68456     -8.034149   -81.180916 ]
 [  44.023056   -34.508686    46.852356 ]
 [-214.8421     115.903046  -227.59128  ]
 [  44.24334     -7.1516647   26.063683 ]
 [  87.46671     38.574585   192.17746  ]
 [  27.345785   -58.8798     -44.685852 ]
 [ -83.35476    -29.714272   214.93115  ]
 [ -71.11135     34.88091    -77.53311  ]
 [ 141.12837     49.28145    -97.5973   ]
 [-220.25609   -134.58467    -23.56699  ]
 [  75.25929     58.432686   -63.995033 ]
 [ 123.56464    -82.00665     94.63974  ]
 [  57.82209     17.075964   -53.78817  ]
 [ -73.37104      0.5088577   16.240685 ]
 [  54.86138     97.537186    73.67276  ]
 [ -23.997787   -73.92176    -13.749134 ]
 [  62.34831     21.810032    25.78839  ]]
Batched Energies:
[-21.588394  -39.79344    10.039009  -48.224792  -32.909897  -49.685745
 -47.580566  -51.738846  -37.392624  -35.0197    -46.06653   -31.693512
  -6.867386   -5.1370087 -27.40355   -44.65338   -52.003647    3.1734467
 -72.79082   -28.270462 ]
