3.50000e+0 1.36691e-2
3.60000e+0 2.33244e-2
3.70000e+0 3.88271e-2
3.80000e+0 5.73159e-2
3.90000e+0 8.12927e-2
4.00000e+0 1.10869e-1
4.10000e+0 1.47153e-1
4.20000e+0 1.97505e-1
4.30000e+0 2.51627e-1
4.40000e+0 3.33850e-1
4.50000e+0 4.46947e-1
4.60000e+0 6.06233e-1
4.70000e+0 8.30737e-1
4.80000e+0 1.02379e+0
4.90000e+0 1.28467e+0
5.00000e+0 1.48432e+0
5.10000e+0 1.60134e+0
5.20000e+0 1.66708e+0
5.30000e+0 1.70344e+0
5.40000e+0 1.73484e+0
5.50000e+0 1.77387e+0
5.60000e+0 1.81304e+0
5.70000e+0 1.85190e+0
5.80000e+0 1.87969e+0
5.90000e+0 1.88458e+0
6.00000e+0 1.86235e+0
6.10000e+0 1.80173e+0
6.20000e+0 1.71302e+0
6.30000e+0 1.57397e+0
6.40000e+0 1.44336e+0
6.50000e+0 1.31439e+0
6.60000e+0 1.19057e+0
6.70000e+0 1.06929e+0
6.80000e+0 9.66103e-1
6.90000e+0 8.82179e-1
7.00000e+0 8.16834e-1
7.10000e+0 7.64724e-1
7.20000e+0 7.26786e-1
7.30000e+0 6.98183e-1
7.40000e+0 6.78272e-1
7.50000e+0 6.68151e-1
7.60000e+0 6.58833e-1
7.70000e+0 6.54363e-1
7.80000e+0 6.55446e-1
7.90000e+0 6.60430e-1
8.00000e+0 6.67523e-1
8.10000e+0 6.81308e-1
8.20000e+0 6.96787e-1
8.30000e+0 7.15460e-1
8.40000e+0 7.40184e-1
8.50000e+0 7.81555e-1
8.60000e+0 8.11797e-1
8.70000e+0 8.41624e-1
8.80000e+0 8.73386e-1
8.90000e+0 9.11023e-1
9.00000e+0 9.48117e-1
9.10000e+0 9.79008e-1
9.20000e+0 1.01636e+0
9.30000e+0 1.05518e+0
9.40000e+0 1.08475e+0
9.50000e+0 1.11409e+0
9.60000e+0 1.14053e+0
9.70000e+0 1.16202e+0
9.80000e+0 1.18017e+0
9.90000e+0 1.19236e+0
1.00000e+1 1.19962e+0
1.01000e+1 1.20169e+0
1.02000e+1 1.19914e+0
1.03000e+1 1.19294e+0
1.04000e+1 1.18467e+0
1.05000e+1 1.17460e+0
1.06000e+1 1.16124e+0
1.07000e+1 1.15031e+0
1.08000e+1 1.13482e+0
1.09000e+1 1.11122e+0
1.10000e+1 1.09903e+0
1.11000e+1 1.08409e+0
1.12000e+1 1.06913e+0
1.13000e+1 1.05144e+0
1.14000e+1 1.03694e+0
1.15000e+1 1.02233e+0
1.16000e+1 1.00696e+0
1.17000e+1 9.92727e-1
1.18000e+1 9.79214e-1
1.19000e+1 9.68538e-1
1.20000e+1 9.60193e-1
1.21000e+1 9.49812e-1
1.22000e+1 9.41204e-1
1.23000e+1 9.33168e-1
1.24000e+1 9.29037e-1
1.25000e+1 9.24243e-1
1.26000e+1 9.23099e-1
1.27000e+1 9.23096e-1
1.28000e+1 9.24229e-1
1.29000e+1 9.26455e-1
1.30000e+1 9.31653e-1
1.31000e+1 9.35617e-1
1.32000e+1 9.41629e-1
1.33000e+1 9.53214e-1
1.34000e+1 9.67656e-1
1.35000e+1 9.75437e-1
1.36000e+1 9.86745e-1
1.37000e+1 9.98225e-1
1.38000e+1 1.00970e+0
1.39000e+1 1.01895e+0
1.40000e+1 1.02877e+0